-2.359 4.4474
-9.3037 -3.8402
-0.1441 4.8188
-9.6684 -3.4539
-7.8519 -8.1029
-7.7773 -8.6049
-7.2886 -8.0589
-7.289 -7.8069
-1.1395 3.9473
-10.4544 -4.2653
-7.8747 -7.1507
-7.7094 -8.0983
-1.9949 4.5953
-1.3672 4.5686
-0.9478 4.8585
-7.7652 -7.3784
-9.2495 -3.118
-1.0788 4.3927
-7.294 -8.9296
-6.425 -8.3791
-9.2455 -4.2426
-10.1409 -4.3888
-8.1404 -8.0851
-1.2391 4.355
-10.7699 -4.7266
-6.9823 -7.6651
-9.8649 -4.0836
-9.9457 -3.6893
-1.0601 4.4991
-10.0972 -3.8024
-7.621 -7.7877
-6.9558 -8.3121
-10.2823 -4.4842
-9.7132 -3.8547
-1.8252 4.5998
-1.1101 3.9557
-1.0979 4.5591
-1.4478 4.4452
-1.5884 4.6632
-7.2774 -7.4274
-10.179 -4.6959
-1.7785 4.9841
-10.155 -4.6259
-7.6714 -7.7655
-7.343 -9.4535
-9.8534 -3.9242
-7.7819 -7.8398
-1.5213 4.0399
-6.894 -8.2158
-9.816 -4.4432
-1.852 5.1355
-7.3824 -8.6004
-10.2672 -3.6313
-7.6 -8.2101
-1.9383 4.8761
-6.5611 -8.1734
-6.7071 -7.3378
-9.7491 -3.8347
-10.5468 -3.574
-1.8208 4.2145
-9.8668 -4.2469
-6.2207 -8.0346
-7.6011 -8.0082
-7.3458 -7.9927
-10.0991 -3.8805
-1.2586 4.4298
-1.8315 4.4283
-1.9952 4.4002
-1.434 4.059
-7.2283 -6.7396
-6.5865 -8.194
-10.4783 -4.6825
-7.2803 -7.6811
-7.1156 -8.3193
-10.0588 -4.2938
-1.2541 4.9287
-1.1671 4.9421
-1.8718 4.0407
-1.408 5.0531
-6.9131 -8.5536
-7.6451 -7.3917
-6.6653 -7.4875
-2.3334 5.1419
-2.0982 3.9726
-1.2551 5.3014
-7.2153 -8.0276
-2.0125 5.0028
-10.1875 -4.4608
-1.5352 4.2582
-8.4606 -7.1504
-10.1763 -4.214
-2.4849 3.9612
-6.9604 -9.0354
-1.5663 4.6115
-6.2627 -8.2865
-7.0761 -8.8535
-1.4759 5.0229
-10.6721 -3.3021
-5.8727 -8.1905
-6.5833 -9.1348
-6.8201 -8.0338
-10.5096 -3.6695
-1.7528 4.3781
-7.7261 -7.8518
-11.0361 -3.4796
-6.1499 -8.8658
-10.6097 -3.6742
-7.2679 -8.4974
-6.9593 -7.1294
-1.4578 4.7033
-9.4484 -3.3767
-6.915 -9.0815
-10.0023 -3.62
-1.5095 4.2304
-10.093 -3.8367
-9.2294 -3.9535
-0.8457 4.5755
-9.9616 -3.4485
-7.3197 -7.9413
-7.1029 -8.3167
-6.6169 -8.7066
-1.9236 3.87
-9.7573 -3.8987
-7.1307 -7.0671
-6.9149 -8.435
-7.3651 -8.4775
-2.2182 4.5237
-9.4582 -4.2968
-1.7739 5.2132
-1.5044 3.3594
-1.6789 3.5986
-6.8291 -7.493
-2.8663 3.5177
-9.4214 -4.0655
-9.3364 -3.8563
-7.3782 -7.7672
-7.3596 -7.9331
-7.4537 -7.7611
-10.4471 -3.7935
-7.1001 -8.457
-1.2515 4.1003
-1.4733 4.3322
-6.3003 -7.81
-6.618 -7.6786
-9.6933 -4.8941
-1.8004 5.4347
-7.2579 -9.0254
-7.3951 -8.5617
-6.8709 -7.4185
-10.3931 -3.3415
-7.189 -7.452
-1.5433 4.7478
-9.6981 -4.6885
-1.3487 4.1066
-8.3372 -4.2535
-6.6118 -7.4199
-9.8537 -3.2043
-1.0047 3.829
-8.8804 -3.9299
-9.2165 -4.3887
-9.7984 -4.0494
-10.2168 -3.8606
-1.0937 5.1664
-11.2552 -3.546
-2.4783 6.3858
-1.7312 4.923
-1.0794 4.5912
-9.4338 -3.9282
-6.8203 -8.7116
-6.8991 -8.6741
-10.5883 -4.1833
-9.7264 -4.9324
-10.6321 -3.074
-9.5532 -3.0409
-9.2694 -3.795
-9.8005 -3.5906
-6.7316 -8.9211
-10.8724 -3.2904
-8.1502 -8.461
-9.6638 -3.9685
-10.4265 -4.4204
-2.609 3.8479
-9.3878 -4.5202
-9.0959 -4.1796
-10.1251 -4.0238
-1.6486 4.1722
-7.7327 -7.8603
-10.1963 -3.5103
-7.5821 -8.3229
-1.4405 4.9677
-1.7437 4.3194
-9.9814 -4.5922
-9.5057 -4.2332
-8.314 -7.961
-10.6329 -3.8119
-0.9652 4.0758
-1.1251 4.4267
-6.6812 -8.8936
-1.86 4.8185
-7.3512 -8.9781
-6.628 -7.6866
-10.1482 -3.5496
-9.5157 -3.7329
-6.1088 -8.2184
-6.6897 -8.1945
-9.9796 -2.9383
-10.4866 -3.8674
-2.429 4.1825
-9.2281 -4.5277
-2.0746 3.9662
-6.0376 -8.449
-1.2251 4.7817
-10.1319 -4.0192
-9.8387 -4.3985
-9.7802 -3.4981
-7.1479 -7.5688
-2.2134 4.3976
-1.9324 4.3071
-9.2144 -4.0722
-2.1265 4.14
-1.6791 4.2921
-7.9052 -9.0591
-10.0977 -3.9497
-6.5182 -8.5263
-1.3993 3.8343
-9.9992 -3.9837
-1.3948 4.4753
-6.7404 -8.4461
-7.5409 -8.7214
-9.622 -3.8832
-6.5603 -8.0972
-1.4339 3.5645
-7.0411 -8.0366
-2.196 4.6541
-1.7991 5.2179
-6.8082 -7.721
-1.0227 5.39
-10.0136 -3.8971
-9.5301 -3.0471
-1.1545 4.8665
-2.2178 4.447
-10.4055 -4.3183
-7.3516 -8.2119
-1.2088 4.6577
-2.2099 4.9789
-10.3287 -3.8238
-6.7423 -7.5122
-1.3951 3.2879
-7.2464 -8.8693
-1.6342 4.088
-9.7678 -4.0565
-9.9277 -4.6629
-2.0853 4.9069
-1.7148 4.0978
-7.6165 -8.698
-10.6548 -4.0742
-10.4812 -3.3445
-1.5168 4.8491
-1.4909 4.9105
-9.7353 -4.1919
-1.4134 4.0662
-8.3349 -8.5982
-10.2589 -4.138
-7.0325 -7.8747
-7.5832 -7.8806
-8.1644 -7.6881
-7.27 -8.3801
-7.4138 -8.4424
-11.0409 -3.7724
-7.3812 -8.2582
-0.7543 3.7536
-9.6962 -3.7961
-1.8876 3.9165
-5.957 -7.74
-6.045 -7.3548
-2.3816 4.1543
-1.5382 4.5074
-7.2357 -8.4392
-9.828 -3.8069
-6.8113 -8.2115
-1.9407 5.3839
-11.5246 -3.7134
-1.6605 3.7082
-2.4424 4.9134
-6.2468 -7.9397
-7.6096 -7.8837
-0.9558 4.471
-9.5596 -3.8917
-9.4092 -4.2739
-6.4763 -7.3332
-7.0595 -7.8812
-1.7176 4.3188
-1.2332 4.4242
-5.9897 -7.6823
-9.7752 -3.9043
-1.7198 3.7899
-9.9728 -3.8436
-10.6374 -4.6235
-6.6361 -8.0843
-2.2507 4.0736
-9.942 -3.9631
-10.3854 -3.0046
-9.9174 -4.0134
-6.5824 -6.9411
-10.0036 -4.3086
-9.3413 -3.9417
-9.7735 -3.3907
-1.569 4.9601
-10.2497 -3.9444
-1.6421 5.1334
-1.3133 4.1672
-1.2365 3.9767
-1.329 5.3026
-6.928 -8.2383
-10.4888 -4.177
-7.6475 -8.3659
-2.0331 5.2527
-9.6572 -3.072
-10.3149 -4.2159
-2.3903 4.1483
-9.3078 -4.0318
-2.0054 4.2081
-1.9696 4.7555
-6.4958 -8.0055
-7.4787 -7.6713
-2.0708 4.7673
-1.7128 3.011
-1.7484 3.6513
-10.1047 -3.3804
-7.6494 -9.103
-6.8285 -7.6261
-6.2454 -8.816
-10.353 -3.3878
-7.2005 -7.2218
-10.1128 -4.1989
-7.4386 -8.4466
-1.7935 4.6717
-7.145 -7.7921
-10.5429 -3.1033
-1.8041 4.2106
-9.7321 -3.9513
-1.4448 4.103
-9.8428 -3.4277
-6.9194 -7.6158
-10.2211 -3.8512
-7.2896 -7.6106
-6.9567 -8.565
-9.8599 -4.835
-10.0909 -4.131
-6.9968 -7.6168
-1.869 4.1669
-7.1157 -9.0529
-7.5095 -8.0926
-10.3083 -3.428
-8.3735 -9.0606
-1.4509 4.7989
-6.9703 -7.5413
-7.1362 -8.0203
-7.3576 -7.4092
-7.4585 -8.0298
-1.5887 3.1483
-6.3183 -8.6176
-7.1767 -8.6889
-9.5146 -3.5904
-10.0439 -4.0723
-11.0218 -3.7114
-6.613 -8.4353
-10.1773 -3.7007
-9.7862 -4.0205
-6.4864 -8.2396
-6.7844 -8.6141
-0.9664 4.6806
-7.0592 -7.4378
-2.1705 4.8038
-1.2329 4.2
-0.9338 4.0975
-7.7597 -7.7361
-6.7696 -7.6145
-6.2406 -7.4238
-1.1024 4.1132
-9.7075 -4.44
-7.2245 -8.2476
-10.9916 -3.5227
-6.3646 -8.9033
-2.5193 4.4351
-6.4074 -8.1624
-7.4458 -8.633
-11.0699 -4.1381
-0.634 4.6993
-9.6657 -4.609
-2.0098 4.3048
-1.3413 5.1111
-0.6267 3.6709
-9.7405 -3.962
-7.4672 -8.4765
-6.0105 -7.3464
-10.0582 -4.0836
-6.3903 -8.7908
-10.4177 -5.1025
-9.9316 -4.235
-10.105 -3.4427
-7.2394 -8.0337
-7.1587 -8.2277
-7.6164 -7.7735
-10.6596 -3.8452
-10.5536 -4.5466
-1.7571 4.8092
-7.4275 -7.161
-6.5706 -7.6325
-0.9291 4.7027
-6.5608 -9.6612
-7.3781 -8.8125
-7.3152 -8.6649
-9.8932 -3.1758
-1.8146 3.1891
-2.7731 3.5568
-6.7388 -8.269
-9.6916 -3.5809
-9.8312 -4.9696
-7.8279 -8.5343
-1.1763 4.763
-1.2632 4.0947
-0.8802 4.4612
-10.0674 -4.3176
-7.0799 -8.5077
-9.8382 -3.8209
-1.5445 4.7875
-0.8491 4.0034
-9.4434 -4.3048
-2.0593 4.2607
-7.4687 -7.5365
-7.4868 -8.7399
-7.1776 -8.3018
-1.6292 4.5121
-10.6216 -3.2222
-9.4171 -3.4184
-10.3433 -3.3821
-7.1983 -7.7986
-11.3469 -4.56
-9.8581 -3.1331
-8.0828 -8.4837
-9.8204 -4.0595
-1.75 4.1045
-6.8557 -7.7885
-0.8297 4.7775
-7.0082 -8.3156
-1.3479 4.189
-6.7045 -8.926
-7.0841 -8.3946
-10.5205 -3.7757
-11.1364 -3.9882
-10.7297 -4.0306
-1.5995 4.7151
-2.1175 4.2029
-7.173 -7.7364
-6.9954 -8.7553
-2.9128 3.3494
-9.7337 -4.7339
-9.5718 -3.136
-7.3863 -7.7357
-1.3584 4.6166
-9.8416 -4.05
-10.4118 -4.0087
-7.0012 -8.1887
-9.9475 -3.7927
-6.4143 -8.3094
-2.5375 4.7639
-9.3078 -3.6521
-9.7505 -4.7004
-10.0834 -3.8599
-9.8523 -4.1724
-2.2694 5.6312
-7.4948 -8.3722
-7.7944 -7.677
-10.0892 -4.0639
-6.1588 -8.412
-10.5317 -3.9917
-7.0663 -7.4857
-10.0274 -3.2289
-1.2669 4.0741
-9.3522 -3.9134
-1.1371 4.7107
-10.5164 -4.4156
-1.4737 5.333
-1.0989 4.6109
-6.6642 -7.9553
-1.2709 4.3471
-7.9669 -8.0184
-9.7169 -3.196
-6.2063 -8.5554
-1.3176 4.2298
-1.154 3.6682
-1.2269 3.2557
-2.2191 5.3845
-5.9787 -8.5661
-10.1951 -4.5393
-9.8008 -4.0674
-1.0861 4.3816
-6.3996 -8.1583
-9.9059 -3.9966
-1.349 4.8846
-1.847 4.0315
-1.7275 4.0079
-10.0157 -3.4348
-10.4378 -3.9628
-10.154 -3.9027
-9.9154 -3.5643
-0.8127 4.5049
-10.0159 -4.3695
-7.4528 -8.656
-1.8831 5.0187
-1.6118 4.8672
-6.6862 -8.1897
-1.3506 4.3144
-1.2166 4.5014
-9.8978 -3.487
-7.4857 -9.7299
-10.1765 -3.692
-6.974 -8.077
-10.3755 -3.0276
-1.33 3.5928
-6.1408 -7.6922
-9.5205 -3.9055
-6.9523 -7.8854
-1.0065 4.1042
-1.983 4.8572
-7.7533 -8.3615
-9.8935 -4.3175
-9.7797 -4.2971
-9.4632 -4.0582
-7.2738 -8.6017
-2.2396 5.0815
-7.7189 -7.417
-2.6321 3.9488
-6.7481 -8.9994
-2.7308 3.9914
-7.121 -7.7512
-9.9497 -3.8773
-1.4262 4.9233
-5.9976 -8.1667
-1.5925 5.0075
-1.8807 4.5683
-1.4764 3.8842
-10.2628 -4.157
-10.4157 -3.8996
-7.2145 -8.0105
-6.3612 -8.1962
-9.4466 -4.5681
-1.7591 5.3397
-9.923 -3.6623
-6.2962 -7.3653
-9.6841 -3.8719
-9.7044 -3.3658
-9.6581 -3.2396
-10.8916 -4.0463
-1.6719 4.0189
-6.9108 -7.5955
-7.0478 -8.149
-2.2163 4.3728
-7.0274 -9.0467
-7.2966 -8.0047
-7.0246 -7.6945
-6.0455 -8.3514
-8.8026 -3.8306
-9.8038 -4.1307
-8.0643 -8.0467
-6.6286 -7.9982
-1.4019 3.8491
-1.7381 3.7389
-6.4864 -7.883
-9.4999 -4.2676
-6.1827 -8.847
-7.3701 -8.6813
-7.2514 -8.8194
-6.5706 -8.2746
-7.1433 -7.6048
-1.801 4.2733
-10.2433 -3.8862
-1.2695 4.0918
-6.9181 -8.3339
-9.7112 -3.7244
-11.1517 -3.7898
-1.6513 4.4951
-1.867 4.6325
-1.3782 4.5269
-1.463 3.4945
-6.5879 -8.5348
-6.8773 -8.1642
-1.2401 4.872
-1.2893 3.9296
-5.9809 -7.7792
-10.4008 -3.9288
-2.0102 4.1379
-2.5535 4.5874
-10.1111 -4.7356
-7.0255 -8.7499
-6.972 -7.8347
-9.4572 -3.0912
-9.5687 -4.6327
-1.7494 4.6574
-7.2547 -8.3387
-6.28 -8.3371
-6.1163 -8.8439
-9.6903 -4.1278
-7.8334 -7.9013
-0.7872 4.0259
-7.3755 -8.3113
-1.7778 4.7704
-9.9046 -3.5242
-1.3195 4.2466
-7.5999 -7.8463
-1.2879 3.6517
-10.7533 -4.3891
-9.8775 -4.4531
-1.721 3.9386
-2.064 4.6852
-9.7926 -3.5234
-10.3816 -4.1356
-9.7524 -4.651
-1.7146 4.4108
-1.7513 4.957
-6.8458 -8.3638
-9.8049 -3.5942
-10.0066 -4.2534
-1.8839 4.0703
-10.4593 -4.0184
-6.4854 -8.7311
-9.8388 -4.1667
-2.0946 4.5911
-1.7122 4.7216
-1.6772 5.4618
-6.6829 -7.3096
-2.3461 4.5641
-2.2081 4.8258
-9.4884 -3.3381
-7.0625 -7.8761
-0.6322 4.4332
-7.3013 -8.8568
-7.5307 -8.6871
-9.5899 -4.0944
-10.1754 -3.9039
-2.4491 3.9922
-7.5866 -7.8937
-1.8991 4.5816
-1.2241 4.1523
-2.0485 4.9644
-1.6529 4.0591
-7.4377 -8.1292
-6.7761 -8.0131
-10.0206 -4.0627
-1.3352 4.4602
-6.7232 -7.8489
-9.6782 -4.1862
-10.5131 -4.0893
-0.8511 4.6579
-1.5986 4.9712
-2.5886 5.0246
-9.7437 -4.1154
-10.3061 -3.96
-10.321 -4.6778
-10.0651 -3.4287
-1.7528 4.3556
-6.9924 -7.1442
-7.3828 -8.0275
-0.7863 4.019
-9.2184 -2.7685
-9.8597 -4.0769
-9.9871 -3.739
-1.4041 5.2618
-9.7243 -4.192
-1.5192 4.3699
-10.0064 -3.5876
-9.3007 -4.2477
-6.2482 -8.0239
-1.8127 4.8205
-1.4031 4.2574
-10.2958 -3.5225
-6.8045 -8.124
-9.9107 -3.8644
-6.8262 -8.2733
-10.2939 -5.1058
-9.5828 -3.5395
-9.9243 -3.6674
-1.9415 4.4513
-7.2736 -8.0873
-9.7988 -4.4514
-0.5906 4.0137
-9.186 -3.3751
-10.7741 -3.6641
-6.8831 -8.5863
-9.6588 -4.5066
-2.3255 3.5261
-5.9847 -7.1537
-7.7941 -7.6775
-0.9938 4.2628
-1.3129 4.0275
-1.6385 4.6979
-7.2104 -7.8494
-1.0927 3.8565
-1.7707 4.3061
-10.4127 -4.4631
-1.3287 4.8997
-10.0975 -4.2807
-9.7879 -3.9989
-1.9181 3.908
-1.9257 4.9656
-6.6619 -8.263
-9.8431 -2.4947
-10.5956 -2.7004
-1.4338 4.9586
-7.2747 -8.7663
-9.6738 -4.6292
-6.7861 -8.3746
-2.6356 3.7053
-1.7555 3.9627
-10.9453 -3.9085
-9.4101 -3.3934
-6.8166 -8.1152
-10.1562 -3.6329
-8.8826 -4.2277
-6.9916 -8.0273
-7.6397 -7.9404
-9.747 -4.1927
-6.8876 -8.5513
-2.1999 4.7692
-1.3503 4.1849
-2.6782 3.4352
-1.8895 4.7287
-1.4153 4.3687
-7.2255 -8.1367
-9.4201 -3.7803
-2.3128 4.4447
-1.2605 4.3555
-6.4115 -7.9949
-1.4843 3.7503
-7.4142 -9.3177
-10.0645 -2.9601
-9.1819 -3.5229
-6.603 -9.3802
-6.9718 -8.2473
-10.0743 -5.1696
-8.078 -8.1527
-9.7848 -3.9288
-1.6942 4.3523
-1.914 4.3232
-6.2406 -7.9368
-9.4957 -3.5168
-9.7843 -4.1326
-1.7927 4.4228
-1.9087 4.251
-1.2091 4.0646
-6.8734 -7.6826
-10.1719 -3.6845
-7.4436 -8.3346
-6.4365 -7.7837
-6.2496 -8.0668
-1.2329 4.3366
-1.5172 4.5377
-7.3765 -8.4134
-10.1873 -3.0544
-6.8974 -7.302
-6.3039 -8.052
-7.2509 -8.1111
-0.8718 5.0098
-2.2592 4.8382
-11.0882 -3.6522
-6.8122 -7.8958
-0.5668 3.7082
-1.6064 3.6436
-1.871 4.4497
-7.1604 -8.5463
-1.5641 5.4566
-9.0358 -4.2563
-9.7726 -3.6396
-9.833 -4.0996
-10.2276 -3.1006
-10.073 -3.4956
-1.0606 5.2588
-5.7089 -8.7023
-9.535 -4.1818
-6.7072 -7.9337
-1.8926 5.099
-7.2914 -8.5237
-9.3521 -4.0116
-9.9227 -3.7216
-1.5954 5.2867
-1.5017 3.3954
-6.008 -7.991
-7.1534 -9.2845
-10.1283 -3.5217
-1.9601 4.6845
-9.8371 -4.316
-9.7027 -4.293
-9.4937 -3.7572
-7.2729 -7.8374
-9.6386 -4.3264
-10.2131 -4.2523
-1.1401 5.5
-7.6554 -7.7842
-0.5642 3.4583
-9.7452 -4.0869
-1.484 4.3721
-2.207 4.4912
-7.5047 -7.0766
-7.2509 -7.6954
-1.4345 5.2892
-6.8385 -7.3764
-7.47 -7.8459
-9.9437 -3.9386
-0.7072 4.962
-9.1817 -4.1542
-6.4911 -8.4106
-3.0561 5.3753
-8.715 -4.1854
-7.2774 -7.324
-10.6453 -3.9162
-9.0616 -3.5694
-7.5479 -7.9939
-1.7975 5.021
-6.6776 -8.7718
-10.444 -4.0339
-9.9502 -3.913
-10.7023 -3.388
-7.0701 -8.3473
-10.3485 -4.157
-10.1113 -4.3171
-10.4611 -4.0446
-7.8407 -7.4416
-2.0224 3.9726
-0.9381 4.1366
-7.4886 -7.7608
-1.8654 5.0458
-6.5596 -8.0496
-6.4286 -8.6525
-1.262 4.2193
-7.5963 -8.2805
-10.7099 -3.3063
-1.5182 3.9934
-7.038 -8.383
-9.9101 -3.9801
-2.2958 4.5633
-10.4301 -3.649
-8.0813 -8.3774
-9.4777 -3.6667
-1.6206 4.7157
-10.2365 -3.9403
-0.7422 4.6887
-1.5 4.2818
-2.3728 5.2905
-7.2874 -8.7614
-7.7202 -8.4036
-9.7133 -2.9889
-9.5905 -3.5631
-2.1581 4.3531
-1.6377 4.2933
-6.5998 -7.9503
-9.9726 -3.6282
-7.3407 -8.3115
-7.4946 -7.6382
-9.0378 -4.6492
-9.3509 -4.1728
-6.3422 -9.4637
-9.7394 -4.082
-2.38 5.0226
-1.5604 4.466
-7.889 -8.8349
-6.2143 -8.0794
-10.4732 -4.3055
-7.1578 -7.8785
-1.5795 4.8446
-7.1908 -8.8165
-2.0505 4.1877
-6.7412 -7.4598
-1.7854 4.5978
-10.1181 -4.3812
-9.5321 -3.4784
-11.3298 -4.1666
-8.1452 -7.9499
-1.3224 4.0453
-7.5467 -7.9666
-10.0522 -3.4846
-1.5746 3.8245
-6.5227 -8.2083
-6.1469 -8.0596
-7.0222 -8.0466
-7.4627 -8.5083
-9.6944 -4.322
-7.1331 -8.8379
-2.1356 4.1474
-7.6276 -8.3245
-7.0745 -8.0185
-9.62 -3.6029
-2.278 4.8444
-9.8199 -3.5286
-2.2308 4.2318
-10.2124 -4.1906
-10.4922 -4.4283
-9.4949 -3.7766
-1.8228 3.7352
-7.0243 -6.4369
-7.5456 -8.8667
-1.412 4.3191
-6.4822 -8.0549
-9.6349 -4.1155
-7.874 -7.2224
-7.6335 -8.5548
-1.429 3.8185
-2.0031 3.9839
-1.402 3.0152
-2.1373 4.6994
-1.4389 4.3564
-9.6945 -2.8065
-9.8386 -3.963
-9.4675 -4.8089
-9.7566 -4.893
-1.076 4.3867
-6.9706 -8.1298
-2.2746 4.6818
-1.5814 4.3114
-7.5163 -7.8625
-2.4967 4.819
-10.0161 -3.8972
-1.2416 5.1782
-1.764 4.6998
-10.9856 -4.2478
-9.9905 -4.6931
-1.8315 3.9064
-7.6966 -8.8154
-2.0902 4.7438
-0.3954 4.2822
-2.1792 4.773
-10.1989 -4.6918
-9.6614 -2.7389
-9.844 -3.9193
-0.7794 4.3762
-1.3323 4.3809
-10.9697 -4.5404
-6.3782 -8.4169
-10.1607 -3.9688
-2.5961 4.8668
-6.405 -7.6963
-7.284 -8.1636
-1.8241 5.08
-2.6312 4.5827
-9.2005 -4.4011
-9.2498 -3.6156
-2.0368 5.0329
-9.608 -4.4965
-7.7454 -8.3267
-10.4133 -4.2353
-9.7183 -4.7058
-6.3189 -8.1382
-1.1664 4.5133
-9.481 -4.0265
-6.4704 -9.3124
-10.0159 -3.003
-9.1692 -3.2445
-1.7018 4.2578
-9.3887 -4.9237
-6.9148 -8.368
-10.4719 -4.1651
-1.9722 4.1096
-0.9285 3.3764
-10.4965 -4.5232
-9.8208 -4.0468
-1.7458 3.9676
-10.885 -4.1095
-7.5462 -8.7792
-7.6224 -8.8042
-1.047 3.8797
-6.6451 -8.481
-6.6007 -8.1115
-1.8472 4.0871
-10.7762 -4.2596
-6.4104 -7.7867
-2.0432 4.7438
-7.4129 -7.1847
-1.9562 4.6616
-10.6894 -3.5946
-6.8482 -8.2682
-1.651 4.1919
-6.8756 -8.4231
-1.0553 4.9643
-6.3519 -7.4241
-2.1841 4.5648
-1.8972 4.6453
-6.5981 -9.0351
-7.356 -7.9898
-1.2802 4.8489
-1.6509 3.8455
-9.7923 -3.8577
-1.7708 5.1416
-10.5983 -4.1029
-1.8321 4.2911
-1.7866 5.1064
-1.9574 4.2519
-7.6941 -8.4701
-1.7891 4.5011
-1.7278 4.347
-7.0209 -8.5241
