0	4.7046 -4.2814 -6.0987 7.3691 1.7556 -7.3137 1.417
1	0.0401 -2.3446 4.6818 -1.473 -7.0801 -6.2664 -8.6589
2	9.6079 3.2822 4.8747 4.7509 8.121 -7.4211 6.3253
3	-7.2229 3.2766 -7.4479 -1.6576 7.2506 5.6505 -9.2702
4	7.1741 6.3414 -10.4791 -2.096 -1.022 0.0412 -0.7532
5	-8.2288 2.4651 0.8942 3.2252 -1.3194 -4.6377 -4.4373
6	-3.7072 0.8056 -6.2841 -8.8348 5.9459 3.5032 3.0792
7	-8.1561 8.3872 -9.7719 6.3846 4.4894 7.7084 7.1644
8	1.9148 -10.3832 -2.3331 9.1555 -8.7622 7.6216 8.0828
9	0.5983 -8.7327 -2.9209 8.7522 -9.1568 7.0516 7.8384
