-3.5877 1.5048 -2.1355
-8.4067 9.3144 -9.7253
-0.0441 -0.1022 0.8677
-0.2209 0.381 0.1548
-1.6759 3.2107 -4.0017
-2.0503 1.3852 6.4979
-2.169 -0.2337 9.5164
-1.5355 3.0182 -1.7989
-7.3676 9.598 -9.9115
-0.6391 0.576 -2.3611
-3.2241 2.2309 9.3872
-1.7001 0.033 8.2248
-2.364 1.2446 8.3178
0.3769 2.1207 0.5298
-0.4954 2.356 10.087
-1.9079 0.3817 9.7195
-8.0068 11.0126 -10.3209
-8.9798 7.7829 -9.9805
-1.64 2.5316 -4.3325
-5.2753 0.7368 9.9395
-8.2639 5.8269 -8.8308
-3.442 0.1913 8.4156
-1.2612 1.1238 -2.0124
0.5615 0.9219 -0.684
-0.7944 3.0342 -3.6659
-2.6541 3.5562 -2.7707
-6.5678 7.8452 -10.4305
0.7292 1.345 -2.8897
-0.6625 1.8644 -1.1965
1.6923 0.8841 0.0977
-5.4291 9.0529 -10.0416
-6.3865 7.5317 -8.0258
-9.1203 5.5395 -8.4069
-9.0018 8.5845 -9.8837
-7.4063 8.0358 -9.4256
-8.4009 7.8691 -9.55
1.6203 0.0046 1.2939
-1.6192 1.9345 10.5343
-7.8409 8.2073 -9.1199
-8.227 7.5123 -9.5448
-3.0054 0.2984 8.9719
-4.8218 0.9966 7.4201
1.4836 1.3555 0.5659
-1.6311 2.5994 -3.4956
-7.9681 7.4178 -10.4253
-1.8921 2.784 -1.0412
-2.4983 -0.1095 10.9827
-1.9518 0.4768 8.1271
-1.0624 2.0101 -2.4474
1.7484 0.0693 0.2114
1.221 0.7901 -0.2058
-8.2629 7.8515 -9.4967
-9.3983 8.7159 -9.4294
-8.1355 9.0677 -9.9166
0.2543 0.4082 0.1715
-2.1205 2.7151 -1.156
1.1205 0.418 -0.301
-8.324 8.9837 -8.1844
-1.0733 3.5716 -3.3757
-7.5365 7.461 -9.1506
-3.3611 2.6326 -2.503
1.2002 -0.4736 -0.3539
-6.4416 8.9846 -9.9308
-1.2924 0.9997 -0.7516
-0.7014 1.9442 -3.1676
1.3977 1.989 2.024
-1.7217 4.6503 -3.1831
1.5034 2.2173 0.7462
-8.9566 8.2057 -9.545
-8.2692 6.6322 -9.6723
-3.1252 1.8127 8.4299
-2.5606 1.0896 8.9239
0.0766 3.2974 -0.8656
-4.2243 2.3701 7.8086
-3.4105 2.6431 -3.848
-9.3088 8.0374 -8.6182
-0.5107 0.3814 9.5025
-2.5998 0.5591 -2.4701
-3.3941 3.3168 -0.3467
-7.9904 8.7986 -7.7034
-6.3074 7.8229 -7.6338
1.7268 0.2102 0.7294
0.915 0.9738 0.6596
-2.4677 0.4093 7.8077
-8.7262 9.0062 -8.3597
1.5343 1.3683 0.7879
-2.2972 1.0095 8.4789
-8.3384 6.3579 -10.0274
-7.2474 7.9333 -9.9417
-0.9755 0.952 -3.6528
-2.8593 2.3782 8.951
-2.2168 0.2593 7.9619
-7.1221 9.1178 -9.3565
-0.5104 1.5031 0.4478
-9.0141 7.2449 -8.6634
-1.7688 0.8583 -2.3923
-1.4741 1.5499 10.5126
-8.439 8.8323 -9.1391
-2.7319 1.2603 -2.9205
-7.3203 7.5831 -10.2426
1.425 0.2534 -0.4227
0.8159 2.3637 -0.4946
-0.699 1.6163 -2.0296
-2.1295 1.1871 -1.9803
-2.805 0.4734 7.4339
-1.7816 0.668 -2.5144
-2.554 0.2474 9.0346
-3.0653 1.5923 8.3123
-6.6031 8.8297 -10.3597
-1.5862 2.3839 -2.9088
-2.7568 0.3415 9.0506
-0.5811 1.9452 -3.6869
-1.2485 1.5015 8.7027
-6.9863 7.4874 -8.9858
-3.1642 3.2653 7.5774
-8.7785 9.6272 -8.0206
-6.8117 7.4639 -9.6706
0.5026 0.8104 0.058
-8.0048 7.893 -8.8828
-2.4576 3.2383 -3.2683
-2.1195 2.3989 -0.8501
-9.0399 7.9433 -8.1663
-2.4442 0.6663 8.2368
-1.571 2.9526 -2.3151
-9.1912 8.1873 -8.207
-9.6789 8.4472 -9.0225
-3.0222 -0.1178 10.0334
0.8654 0.4278 -0.0963
-2.1484 1.0895 8.6519
-2.5318 1.2794 10.0613
0.529 2.9065 -2.1155
-7.6401 8.3552 -8.6363
-2.3343 2.4266 -2.0318
1.7747 2.0166 0.1436
-6.2761 9.6862 -11.1091
1.9455 -0.6301 0.7816
1.3623 -0.3231 -0.3405
-0.3742 3.1204 -2.9486
-2.0092 0.2373 -0.7735
-3.1544 1.6921 9.1619
-6.9643 8.1838 -6.7729
-2.4568 1.3562 -1.9044
-6.5045 8.6066 -10.1003
-7.6803 9.0875 -9.1815
-1.4146 2.0414 -2.3697
-7.1531 6.4135 -8.2802
1.8124 1.8794 -2.087
-1.1179 0.7823 -2.9281
0.8071 0.3925 -0.0815
-2.5903 1.6521 -2.2532
-1.5998 -0.7229 10.2969
-1.3479 0.0686 11.3962
-1.8847 2.2618 -1.74
-7.9891 8.8286 -9.3188
1.1456 2.7428 1.2174
-1.4758 1.8105 -1.4476
-7.4916 7.1917 -10.2124
-4.2811 1.4093 10.5076
-0.7579 1.3478 0.2805
-1.9773 2.509 -3.4825
-7.2673 6.8954 -7.2449
-0.0267 -0.9071 -0.0658
1.4044 -0.6784 0.0193
-8.4395 9.4272 -9.6716
-2.7276 2.1727 9.9696
-2.2524 1.6333 8.5287
-1.376 0.9562 -2.9814
-3.5233 2.1567 10.1014
-1.363 3.5052 -2.5024
0.0553 1.0638 -0.0714
-3.5827 -0.5553 8.376
-2.6271 2.5163 -3.4033
-7.3486 6.8288 -8.3433
-1.7892 1.8115 -2.4762
-0.0985 2.3233 -0.9327
-2.3875 2.1938 -3.3755
-7.2073 9.4477 -10.6203
0.8762 1.3264 -0.6296
-3.212 0.221 8.6916
-2.0463 0.7697 -3.0475
-6.1998 7.6397 -8.6113
-1.0432 4.9841 -3.5569
-5.6952 7.6693 -10.8084
-1.8547 2.1982 10.0778
-1.6635 0.5748 -4.4299
-1.0505 2.4882 -2.3736
1.2905 0.2991 0.6347
-0.893 0.296 11.0093
-1.3975 0.3561 -3.617
0.3922 0.7978 -0.4991
-8.5025 9.7363 -9.857
-3.9698 1.9135 9.9562
-8.2223 7.4029 -8.6298
-0.6241 1.8309 0.4525
-9.7804 9.7356 -8.3077
-5.7831 8.2843 -9.8333
-7.8674 7.8182 -10.0461
-4.3754 1.2847 7.684
-0.3941 -0.0174 8.9068
-7.9838 8.9919 -11.2276
-2.9059 2.0217 -1.6164
0.6669 -0.6007 0.783
-1.0717 1.3426 10.5987
-6.237 8.3209 -10.3512
-9.0525 9.2222 -8.3822
-1.4358 1.3978 -2.8239
-9.2496 10.8968 -8.6763
-2.7557 -0.1384 8.809
-7.8695 9.5404 -9.1187
2.5555 1.0293 0.9551
-1.0012 1.9136 1.3296
-2.8999 1.2747 -2.0785
0.1044 0.8952 0.5612
-0.8307 0.7422 8.714
-0.8502 0.6959 1.1808
-7.2316 9.8187 -8.4058
-2.0432 1.0646 -0.3545
-4.4952 0.1396 10.3746
-6.4386 8.7376 -7.3104
-3.8269 0.8453 8.959
0.6349 1.4836 -0.4438
-0.5784 -0.3633 -2.6704
-2.1721 2.0934 9.3533
-1.4563 1.5308 0.1268
-0.6138 0.649 1.5647
-7.0242 8.5425 -9.3877
-0.4116 1.7669 -0.8023
1.2304 1.2942 0.5632
-2.8775 -0.0641 8.7702
-2.316 -0.0603 7.5126
-1.7818 1.7264 -2.0396
-0.3529 2.9614 9.0209
-8.2065 7.8318 -9.5016
-9.1465 6.4847 -10.2004
-7.9913 6.63 -11.0535
-0.7301 1.6556 -2.5287
1.0342 1.4896 0.5654
-9.7572 9.7483 -6.3801
-0.525 1.0709 0.0491
1.1836 2.8418 0.4345
0.8557 0.2998 -0.3116
0.848 2.3777 -2.4002
-2.5455 0.4224 7.9423
-0.902 -1.0524 1.7738
-8.327 8.1543 -9.0876
-3.9248 1.4065 8.3389
0.7011 0.1333 -0.2014
0.8333 1.5424 1.4735
-2.2807 2.3101 -3.2545
0.1078 1.0935 -0.4287
-3.3597 0.0116 10.2899
-8.9639 7.9641 -8.7627
0.637 1.1614 0.5647
-2.121 -0.1533 9.8983
-8.2653 9.5924 -10.0013
-3.8867 0.8446 9.3039
0.8704 0.6975 0.3225
0.8712 1.7435 0.0248
3.5808 0.4383 1.1839
-0.1591 2.4691 -0.4936
-7.7195 8.7905 -7.1046
-1.5689 -0.1795 10.598
-3.0825 1.935 10.1737
-1.7805 2.4395 -3.4283
-8.7643 6.9618 -8.4965
-6.466 8.4669 -10.4912
-2.8037 2.7234 -2.4593
-2.2795 0.3139 8.5391
0.3675 0.2411 -1.7522
-1.4183 3.0904 -4.4532
-7.9517 6.846 -10.2861
-0.4393 0.563 10.4201
0.8965 1.998 -0.4154
-2.5278 0.7719 9.4495
-1.6413 1.9593 -3.5704
-0.4172 1.4924 1.7925
-8.3849 6.7593 -10.3217
-7.6658 7.4944 -9.5854
-7.1772 7.7472 -7.8371
-0.9278 0.4267 0.4951
-8.8635 8.4723 -8.3044
-2.1939 2.5784 10.4111
-2.3009 2.4402 -1.5967
-2.3589 0.9992 8.1884
-1.8406 1.226 8.8133
-2.1791 -0.1659 8.4241
-6.1025 8.2954 -10.2398
-7.5861 8.4253 -12.1047
-0.796 1.5718 9.058
-1.2097 1.1533 -0.18
0.0678 2.38 0.7529
0.5409 4.368 -3.6653
-2.53 0.3159 8.9019
-1.0035 0.86 -1.889
-1.7178 2.1163 8.6892
-1.1363 2.3311 -1.7533
-7.8049 8.8845 -8.1788
-0.2261 1.462 -0.5423
-1.5444 2.925 -4.9284
-0.5304 -0.6837 7.0772
-1.8957 1.162 8.2493
-0.2725 0.8403 7.7961
-0.8571 1.2165 0.5825
-3.0713 1.741 8.7829
0.729 0.3259 -0.3504
-1.2723 2.7826 -2.1705
-0.1614 0.6467 -1.0782
-7.9469 6.5596 -10.3302
0.5559 0.4372 0.791
-5.5593 9.8358 -10.1877
-7.5447 8.011 -10.5794
-7.0975 9.0248 -9.5738
-1.9226 1.1249 -2.7543
-3.2944 -0.4718 7.8471
-7.1229 9.0742 -8.6241
-2.7449 1.4566 7.8201
1.0917 1.8827 -0.4973
-2.6372 3.8205 -2.5441
0.6163 0.7203 1.0177
-0.1152 3.1617 -0.2348
1.4094 0.7945 -0.4625
-9.3291 5.9946 -10.3393
0.4701 2.7512 -2.9653
-7.6871 9.083 -9.1391
-8.7936 7.8188 -9.1574
0.7394 1.7247 0.0605
-1.2808 2.2956 -2.3336
-2.2742 1.8528 9.0773
-0.0647 0.5347 1.9697
1.4995 0.6577 -2.0759
1.0346 1.2552 -1.2584
-8.5136 9.8125 -11.0576
-3.2108 0.8174 9.3514
-6.772 7.3578 -10.7463
-0.9164 -1.6911 0.2274
-1.8575 1.9004 8.3704
-8.0665 7.8234 -9.5847
0.55 -0.077 -1.6588
1.1714 0.9452 -1.8196
-0.4466 1.7689 6.4794
-9.2083 8.0824 -9.0185
-1.1764 2.3529 -2.1544
-7.1966 9.196 -9.023
-0.3697 2.021 0.2644
-1.1647 2.0132 -2.7965
-3.8629 2.4965 -1.8523
-1.4856 3.7298 -3.2544
-0.4523 0.7472 0.2262
-8.2815 7.5239 -9.3097
-1.7526 1.2613 -3.4013
-9.5875 10.0082 -10.1161
-7.8803 8.246 -8.636
-3.4081 2.5136 8.3668
0.0496 0.5064 -1.1304
-3.3257 2.1702 10.0872
1.4667 -1.0346 -0.9379
-0.8905 3.1896 -0.8642
-2.6487 1.9416 -2.0446
-1.6924 2.2925 -2.3101
-1.6457 0.2444 10.1131
-2.143 1.759 -3.1473
-4.5227 0.1468 7.1103
0.8576 2.2732 0.6952
-9.6131 9.3631 -8.9027
-7.0702 10.4961 -9.2687
-2.3141 0.6019 8.7516
-2.04 1.355 -3.0454
-7.2957 9.5917 -10.1221
-2.3722 0.5568 8.7936
-7.5552 7.9863 -9.8944
-3.1838 3.4578 9.5069
-2.9484 0.8377 9.5836
-7.9347 8.0924 -10.2557
0.5624 -0.3779 0.375
-7.8611 7.8728 -8.1693
-6.8813 6.7386 -8.8751
-2.817 0.6215 9.5785
-2.3239 -0.1478 7.5945
1.0182 -0.2321 1.6716
-1.515 1.7552 -3.4523
-3.6952 1.1386 8.9959
-7.4977 8.6584 -9.2283
-2.5933 1.8774 -3.1638
-3.2585 2.1265 9.3482
1.2473 1.7893 0.2586
-7.6411 8.6095 -10.4586
-3.8657 1.5679 9.0645
-7.2767 7.9204 -10.0227
-2.4192 1.1404 -3.5493
-7.0344 7.5486 -10.9181
0.663 1.3367 -1.8814
-0.198 2.1061 0.678
-1.478 5.043 -0.2424
-3.1308 0.5319 8.3113
-6.3291 8.1209 -9.6261
-2.8045 1.441 -1.5278
0.4144 1.8381 0.7879
0.6235 1.1014 -0.7589
-1.0774 0.2895 -3.2275
-6.3339 7.8814 -11.0864
2.0166 -0.4731 0.9023
-8.9953 9.0091 -11.4846
-8.2559 10.4846 -7.9996
-7.313 6.5082 -8.4196
0.7474 2.0013 -0.0031
0.2329 2.0351 -1.1715
-1.3665 0.6029 6.7561
-0.8169 3.6568 -3.4069
-8.1807 8.4699 -8.9379
-0.4727 2.1999 2.8271
-2.6093 1.3648 10.809
-0.6818 2.2272 -1.0569
0.2613 1.9063 -3.2798
-7.6175 10.751 -7.2162
-7.8896 6.8774 -8.5129
-0.1782 0.8691 0.7267
-8.1681 7.6397 -9.1075
0.7878 0.681 -0.1436
-7.828 9.18 -9.5975
-1.6013 1.0554 9.2081
-1.9056 2.8609 -1.7451
-3.7697 0.471 -4.8363
0.9042 2.5673 -0.2546
-6.1311 8.2828 -8.9581
-7.1734 8.5147 -8.7844
-2.4454 1.9351 9.001
-2.4796 0.2308 10.1665
-7.063 8.685 -9.3593
-3.3189 2.4062 11.6671
-0.5511 1.4519 7.9492
-1.0281 0.3306 -0.1162
-1.7317 1.2044 9.2137
0.8771 2.8359 -4.5085
-2.3885 1.0876 7.5055
-1.8804 0.2973 -3.2326
-7.6151 9.8117 -8.6305
-3.0292 1.6693 -0.9812
-7.4364 7.3393 -9.7054
-3.0358 1.5827 -2.7485
-8.0703 8.8113 -9.5061
-2.7337 4.0215 -3.2091
1.0056 0.518 2.024
-2.0988 3.854 -0.8963
-8.3078 7.4066 -10.6599
0.7262 -0.8624 0.985
-0.9778 1.7696 -4.5612
-1.694 3.5073 -3.4087
0.6608 1.0379 -2.0849
0.7636 -0.124 0.3417
-8.2386 9.5884 -9.4642
1.9225 1.9901 -0.608
-3.4265 1.3622 9.2619
-3.3567 0.9104 9.0855
-6.4379 8.0417 -8.5806
1.6922 -0.0476 0.3086
1.1535 -0.2439 0.3953
-0.5909 0.8325 0.0764
-7.2816 7.9155 -7.2924
0.766 1.2062 0.1809
1.1139 1.1796 -0.2778
-2.7054 2.3762 8.2111
-6.7376 8.1884 -9.6512
2.9941 0.9271 0.255
-7.869 8.7732 -9.2156
-2.7922 1.6057 8.2128
0.1169 2.4821 -2.6269
-2.6647 1.7135 -1.5083
-2.9032 3.1725 -2.4993
-0.0223 0.3507 -0.775
-7.7886 7.2845 -7.834
-3.1788 0.4783 9.4029
-0.4918 1.3163 -2.1894
-4.1488 0.5651 10.104
-8.1702 8.1409 -11.0071
-4.1842 0.286 8.1426
-2.1625 0.4535 -2.2534
0.661 2.0242 -1.3386
-8.6016 9.6413 -9.191
1.3159 0.7659 0.8713
-1.6953 0.5591 9.9422
-0.1497 -0.1838 -0.4536
-0.0983 2.83 -2.9309
-2.558 1.6486 -3.3998
0.1617 2.572 -1.2577
-0.9113 1.9436 8.6953
-8.3088 8.135 -9.0701
-6.8169 8.7446 -8.6322
-3.2558 2.3155 -2.982
-0.8838 1.7994 1.1786
-0.5338 3.1151 8.5521
-2.9891 3.4941 -1.3117
-2.4887 4.1791 -3.7747
-0.0458 1.8887 0.5713
-2.2235 1.9619 -1.6469
-2.8841 1.0795 8.5179
-0.4512 1.073 2.1962
-7.8481 8.4773 -10.5247
-2.1497 1.7108 8.8867
1.2444 1.1876 0.4883
-1.8321 1.6657 8.46
0.0619 0.5443 1.4652
-2.2726 0.8256 7.8083
0.6781 -0.2532 1.2143
-1.7159 1.4185 -1.4759
0.2303 0.751 1.1331
0.3168 1.2345 0.93
-2.297 3.4305 11.4869
-7.4795 6.8607 -9.0794
-3.4116 -0.6721 9.9739
-1.8321 3.6356 -2.8486
-1.427 2.5952 -4.3586
-1.7314 1.4494 8.82
-6.8403 7.4246 -10.2247
-8.8938 8.7495 -9.4637
1.1802 2.4152 -0.3028
-1.8146 0.529 7.9958
-2.8112 0.9039 9.1699
-8.8673 8.247 -9.045
-3.793 4.0704 -1.3656
-0.7798 2.2564 9.6486
-2.1745 3.8285 10.2069
-2.6903 0.9979 8.8759
-9.3525 7.5334 -11.3771
-2.7451 3.8381 -2.5394
-0.1193 1.1573 0.9771
-0.5072 3.0354 -1.6753
-2.7253 1.887 9.8359
-2.4399 1.847 7.1542
0.6231 1.1985 0.3864
-2.2055 1.327 -1.9097
-1.8947 0.5759 10.1658
0.5032 1.0484 -1.4727
-7.6935 8.3848 -9.4265
-0.6795 4.2081 -2.7079
2.022 0.9458 -0.1523
0.1399 2.6665 0.7276
0.1567 -0.2371 -1.3215
-2.6343 0.0792 10.1556
-0.429 -0.0566 0.4859
-1.1266 0.9698 9.1396
-8.2884 7.2105 -10.438
0.8185 2.1425 0.3868
-2.7254 0.4088 9.6117
-2.985 0.0877 9.1387
-0.1664 2.7057 -1.695
-1.4205 3.7456 -3.1305
1.5441 1.6897 0.061
-0.1757 1.6405 -2.7887
-6.9561 7.3067 -9.8902
0.077 1.8038 -3.4841
-1.4399 0.4949 -2.8376
-3.123 -0.0004 10.512
1.4204 1.4268 -0.0599
2.4497 1.6017 -1.5517
-7.1621 7.81 -9.8905
-2.3672 1.1883 9.869
0.4495 3.3674 0.4541
-7.6871 7.3611 -8.4235
-0.9724 1.5906 8.465
-2.546 2.8569 7.6605
0.2386 -0.0291 0.6708
-2.5657 2.5696 7.9537
-1.2624 1.4601 9.3933
-2.5215 -0.9005 8.227
1.2883 0.0205 -0.4825
-2.0337 1.2684 -3.2921
0.9365 0.6617 -0.5513
-2.6287 -1.0251 10.1583
-9.3855 7.5457 -11.152
-3.0145 1.5649 9.3114
-6.5386 7.912 -8.1691
-8.9488 8.9591 -10.3616
-0.219 2.0449 -1.9061
-2.4453 0.9325 -2.5973
-8.6642 8.3531 -10.6235
2.9925 0.2896 -0.8858
0.3266 2.1742 -2.0435
-2.5648 1.8344 -1.5605
-1.6868 0.689 8.4483
0.0867 1.0857 -0.7944
-1.3313 1.5795 -3.6048
-8.4338 7.4754 -10.2212
-2.8215 2.0516 -2.6602
-4.0667 1.8113 9.1148
-1.5376 4.3022 -3.5352
-2.6252 1.4402 -1.1916
-0.7837 1.6036 -3.2554
-8.1166 6.8187 -8.1858
-2.421 1.2297 7.7953
-8.0257 7.3227 -10.2492
-1.3284 0.632 -2.7938
-1.9158 1.8838 9.4993
0.5605 0.6578 1.0989
-0.0634 1.8439 -0.9404
1.2084 -0.4075 8.2842
1.7147 2.1978 0.2777
-3.4404 1.0089 -3.2026
-3.0135 1.3158 -1.61
0.3877 0.5983 -0.7568
-2.4884 0.5915 9.1644
-3.7195 2.243 -4.2665
1.4741 -0.0148 0.497
-0.8836 1.8928 1.2264
0.1054 1.2579 6.8219
-0.6864 2.5208 -1.5543
-7.5134 6.1402 -11.0492
-0.6481 1.5725 -2.7777
-1.9222 2.0174 -2.004
-7.2459 6.6795 -9.6594
0.5201 -0.1627 1.6858
-1.2622 2.0984 -3.1879
-2.0243 2.207 -2.3547
-7.1876 7.8792 -9.0664
-8.3134 7.562 -8.5518
1.8612 1.5094 1.1729
2.5382 1.8829 -0.3911
-2.1867 0.9633 -1.287
-8.4622 8.9129 -10.0885
-6.6213 6.6367 -8.8786
-1.39 1.418 9.0881
-1.9567 0.1814 7.6968
-1.4607 0.202 8.2502
-7.085 7.4997 -8.2829
-0.7648 0.5041 -0.4723
-8.5101 7.5638 -9.0957
-1.7908 4.1229 -1.4554
-8.2698 9.0251 -9.0684
-1.4061 2.6941 8.1322
-8.7619 7.922 -9.7315
-0.5061 2.5699 -2.0415
-1.1445 2.9586 -3.7436
-2.4232 1.3071 9.633
-7.7443 9.446 -8.2042
-1.5026 0.2168 -2.7538
-2.5106 0.7185 9.1416
-2.2931 1.014 8.3856
-1.6221 1.3526 -2.5761
-0.1025 1.4298 1.9127
1.6551 -0.0505 -0.0241
-0.0917 0.7337 0.7507
-6.7333 7.6266 -10.8988
0.7566 -1.4012 -0.8501
-0.6297 1.9891 -4.6549
-1.1043 2.3384 8.8128
-1.3146 0.6772 -2.819
-1.2551 1.8687 9.4365
-7.9726 8.6628 -10.6884
0.6273 0.8967 -0.866
-1.6141 1.9937 -0.641
-2.3378 0.2549 0.5094
-1.4325 3.309 -2.4671
-1.9569 1.9029 -1.8748
-1.2794 2.4883 -2.2242
-0.7251 1.5982 -3.5457
-9.0354 9.2204 -9.1823
-1.5181 1.9881 7.7494
-6.4145 9.7797 -8.299
-3.7906 2.569 8.0584
-8.8526 8.2492 -10.1245
-1.1099 1.9455 9.4491
-6.1834 8.7303 -10.0329
-0.3124 1.0326 9.0979
-5.2305 8.1192 -8.8199
-7.8346 7.5743 -9.4976
0.5012 3.8618 -0.1116
0.686 1.8378 0.7432
-7.7963 6.6457 -8.5861
-1.8542 1.9026 -3.4936
-2.3006 1.495 -3.25
-0.0592 2.6515 -2.009
-3.3067 0.7496 8.9875
-2.5004 1.1266 -3.0111
-3.7624 -0.0802 9.7739
-2.3845 0.19 8.129
-8.2679 7.168 -7.9841
-0.8617 1.4277 -2.7014
-0.3926 0.3564 -1.4093
-3.3465 2.2221 10.5166
-1.1778 1.5544 -0.3905
1.6181 0.2236 -0.2284
0.3027 0.6857 -0.2354
0.5428 1.0441 0.5882
-0.7916 -0.413 -0.6199
-7.2714 8.091 -8.7682
0.9335 -0.035 0.0975
-3.5103 1.4222 8.2367
-1.0019 2.1912 -0.3942
-4.3037 1.4244 7.9214
-2.6819 0.7413 8.4897
-2.7462 2.6462 -2.5147
-8.1721 8.3887 -10.5354
0.8893 2.4235 1.6994
-1.4729 1.4274 -1.4198
0.9217 1.5113 -1.5626
-2.89 0.5099 -1.5187
-2.6376 3.1771 -2.6852
-1.3513 3.0872 -2.9418
-1.7367 1.8347 -0.3018
1.9982 0.8529 -1.0113
-8.7903 7.8373 -9.3985
-2.3116 -0.715 9.5398
-1.3809 -0.4144 -2.2994
-0.6948 1.3722 7.1319
-8.1138 9.2384 -9.9186
0.6111 -0.6165 0.8433
-2.3269 2.5547 9.5281
-0.7337 2.5921 0.8607
-1.9527 1.9694 9.3494
-2.0945 2.2174 -1.2159
-2.0673 0.013 9.3034
-6.2438 8.1459 -9.3102
-0.3942 0.5793 0.439
-2.2312 1.22 10.5834
-7.499 8.5515 -9.6816
1.8358 0.4453 0.7241
-2.6645 1.5064 9.3533
1.6067 -0.565 3.4117
-3.6461 2.453 6.6938
-1.3533 1.1502 1.6278
-2.4167 0.6979 -4.095
-8.675 9.0674 -8.9081
-8.1143 7.7205 -8.4816
-0.8937 2.6432 -1.8367
-9.2137 7.7533 -10.1538
-1.6767 1.3872 -0.3538
-2.4565 0.6844 7.976
-1.7676 1.5202 -3.2517
-0.274 1.5584 -2.8495
-7.8868 8.518 -8.4782
1.4315 0.7423 0.9463
-3.889 0.8978 8.4238
-3.0194 1.577 -3.7353
-6.9671 8.4769 -9.0091
-2.9838 1.7565 9.9508
-2.4833 2.1185 9.6811
-0.8306 0.2792 -2.8478
-2.0826 2.4605 -1.5801
-0.1261 2.2235 -1.5441
0.5894 1.8199 -0.4165
-1.793 2.7676 -4.2338
-0.4529 0.6414 9.4567
-1.2528 2.6634 -3.5813
-3.8673 1.2726 7.7167
-3.5187 1.489 10.9588
-1.9333 2.1447 -4.4461
-6.3975 8.6982 -9.5092
-8.8597 7.8015 -9.5502
-2.5689 2.6954 7.9536
-2.1918 2.0417 7.3906
-2.3951 1.1301 8.8959
-1.5084 2.077 -3.4274
-7.3307 8.6601 -9.4962
-0.9801 -0.5594 7.6488
-1.5493 2.2218 -3.0758
-2.3737 1.3465 9.878
0.947 1.4084 -0.3866
-2.4365 -0.725 9.998
-1.4268 1.4197 9.1918
-1.643 3.5962 -1.3888
-2.1677 2.305 -1.2939
-1.1141 1.875 9.1868
-1.0479 1.4085 9.0469
-8.6088 7.8462 -9.1605
-8.7865 7.7569 -8.8359
3.4278 0.3233 -0.5878
-7.8188 9.2926 -10.8803
-7.1926 8.5555 -9.0224
-2.5539 1.9959 10.4452
-7.8904 7.7638 -9.0025
2.229 1.171 0.101
-2.9847 1.4548 8.7758
1.6358 0.1574 1.0223
-0.0269 1.6996 1.249
-2.3685 -0.0113 9.1516
-0.658 2.5105 9.1648
-3.1887 1.9131 -2.9669
1.2014 -0.3308 1.548
0.3202 1.6043 -0.0176
-0.3587 1.0612 0.9451
-7.7328 8.595 -8.5799
-2.8004 0.1224 9.4301
-1.1103 2.2454 9.0913
-1.4867 2.5174 7.6702
-7.8929 9.9509 -10.2833
-1.0039 1.4964 -2.3089
-2.6939 -0.553 9.1278
-0.2417 1.4897 -3.5182
-1.9268 3.4035 -2.53
1.9816 2.2269 -2.5203
-0.6522 1.8941 -2.9689
-7.2905 10.3029 -8.34
-1.5113 1.094 8.7355
-7.6665 9.7234 -9.0435
0.7737 -0.118 1.3346
-1.032 0.3011 -0.7936
1.0342 -0.2851 0.681
-0.6364 1.475 -2.9585
-0.5126 -1.0537 -0.3986
-1.6958 1.4771 -2.9715
-1.15 2.3098 -4.2645
-2.7024 0.8558 8.9474
1.4057 0.5826 -0.6646
-7.7604 7.3053 -7.7454
0.7843 1.5592 -0.3388
-0.211 0.3556 0.2877
0.5179 0.0209 0.5313
0.6361 0.8272 0.3926
-7.9841 7.0306 -9.4833
-1.0535 1.2185 -2.4669
-5.4145 8.5805 -6.7222
1.7913 0.8987 -0.7726
1.2785 2.0821 -0.8077
0.515 0.7332 1.0063
-7.8367 6.3042 -9.1099
-0.1981 0.443 -0.1087
-0.2832 1.7607 -2.7183
2.3152 1.0793 -0.4336
-6.6551 8.5147 -10.9744
1.2845 2.3213 -3.2612
2.1792 0.5798 0.105
-9.0131 8.5118 -9.5781
0.981 1.0984 0.6736
-2.9574 2.2048 7.8132
-1.3182 1.9094 -1.6222
-2.8146 1.2367 6.9093
-9.5449 8.2087 -9.9274
0.8175 1.052 -0.6793
-1.5651 1.7191 8.4228
-1.1948 0.0877 10.5403
0.0405 1.8465 -4.0684
1.6053 -0.6191 -1.5707
-8.4074 7.9185 -9.9122
-0.6957 0.8931 -2.6233
-0.8781 1.3731 -1.6014
-2.0537 2.293 8.5595
0.654 1.7499 0.2672
-1.6918 1.2431 -3.1752
-1.8843 1.5312 10.0668
-4.8377 1.2705 9.7698
-3.578 1.3579 9.9098
-6.2935 7.4687 -9.0654
-2.1475 1.9713 7.9065
0.16 1.1272 0.7323
-1.364 2.0951 -2.5736
-1.2083 1.9586 -2.0871
-1.3289 -0.6348 11.3984
-1.5096 -0.0377 -3.2797
-2.3256 0.0036 8.4175
-7.6123 8.4237 -8.0621
0.19 -0.7062 -0.2969
-7.7443 7.2769 -9.1048
-3.5903 1.4806 9.1827
-1.1588 0.8699 9.0206
-7.4448 8.0023 -9.4051
-2.2094 1.6247 -1.1222
-2.4958 1.49 7.7006
-0.6776 0.7511 7.3197
-0.7635 1.9588 -0.7328
-7.108 8.2079 -8.9449
-1.0325 2.6686 -1.5862
0.8165 0.7543 1.6983
-0.4175 2.6341 -2.697
-1.6035 0.9583 -0.4575
-0.9775 1.6451 -1.4894
-0.1252 0.4954 -0.817
-1.5257 1.6956 -0.2304
0.8997 -0.5967 0.8417
-2.1575 1.0904 -3.5762
1.897 2.243 0.0884
-0.5432 1.2019 2.1115
-0.7869 0.5564 -2.8828
-2.3374 0.5285 9.6711
-4.1318 -0.76 9.3072
-1.2101 0.5707 0.8678
-1.8375 1.9272 -2.0023
-1.0222 1.9732 -1.3841
1.4203 -0.1225 1.6731
-8.8404 8.4509 -10.2385
-1.1728 2.543 -3.7524
-1.1627 3.9796 -3.9528
1.2488 0.8645 0.0701
-1.092 3.4191 -3.107
-8.2612 6.7404 -9.7027
0.4379 2.9923 -2.511
0.926 0.6798 0.5508
-2.661 2.1076 -1.8308
-7.1866 7.4407 -9.0517
-7.1956 7.9445 -8.9493
-1.6763 1.7919 9.1493
-6.9765 8.3592 -10.1738
-8.1202 9.1647 -7.8604
-3.049 1.8018 -3.2636
-1.9076 1.2505 10.3302
-1.2685 3.1412 -3.8611
-3.0502 0.1158 9.0227
-8.5647 8.88 -8.517
-7.8581 6.788 -8.1628
-3.1878 1.7816 10.3788
-8.8795 7.0041 -10.1531
-2.3957 3.4858 -2.0757
-7.4408 10.8803 -9.1102
-1.5482 2.5475 -3.608
0.5155 1.8459 -0.6868
1.3142 1.7314 -2.1305
-8.5437 9.5857 -9.2575
-1.308 1.1851 9.8191
-2.6268 1.1171 7.8575
1.5965 0.2288 1.2162
-5.1483 2.3948 9.0456
-3.0029 3.4037 9.2809
-7.9431 7.0242 -9.5811
0.6061 0.891 1.005
-8.6721 10.1772 -10.4751
2.314 1.5326 1.0447
0.4953 2.5853 0.9751
-2.4171 2.2117 -3.6583
-4.1233 1.8605 7.8984
-2.5478 2.5286 9.3731
-0.5594 2.1814 -3.2783
2.052 2.4627 -0.1943
-7.5569 10.7167 -8.3406
0.3609 2.7302 1.6507
1.0713 1.7584 0.3972
-7.9407 7.6573 -9.0441
-1.1483 0.4967 8.8996
-8.4828 8.2501 -10.2093
-2.2151 2.4879 -3.2998
-9.4555 8.0616 -9.3625
-1.9392 1.3103 7.5589
-2.396 0.9145 9.9473
-0.5309 1.1308 0.7964
-1.9764 2.1933 -2.8433
-3.1428 0.4096 -3.2192
-1.4901 2.2863 -3.3457
-0.6394 1.5182 -2.6218
-7.5288 7.2701 -8.8055
-8.0274 8.4951 -7.9216
-3.9386 0.9225 9.5653
-0.6293 1.6452 0.8174
-1.9252 1.8217 -2.7252
-0.5718 2.405 -2.2633
-9.1725 8.1459 -8.5784
-1.8422 1.5801 10.8932
-1.5004 0.8015 7.5979
-3.0884 1.2141 8.8
-7.6597 8.3988 -8.1448
0.5274 -0.2593 0.6213
-1.3962 0.3749 -0.333
-7.5187 7.6723 -9.4899
-1.9686 2.1112 9.7081
-1.0395 2.6354 9.5357
0.7078 1.7887 -0.1733
2.1009 1.4076 1.4785
-5.8234 8.1811 -9.9154
-2.0562 2.2652 -2.9435
-1.2523 1.6945 -2.3344
-4.9691 8.0239 -9.1104
-1.7819 1.2694 -0.4955
-2.6363 0.9434 -3.3102
-2.6772 0.837 10.0945
0.0864 1.9491 -3.1306
2.8486 1.75 -1.1206
-9.1303 8.8941 -8.5424
-1.2179 -1.1517 9.6573
-3.5582 1.6352 8.6347
-1.3987 1.5419 -2.7656
-7.5459 5.7834 -9.9072
0.3597 0.8265 -1.7192
2.4848 -0.4594 -0.4484
-1.3499 0.815 -3.4674
-7.5711 8.108 -8.13
-8.1689 7.9008 -9.3551
-7.4085 7.2254 -8.3434
-7.2466 8.408 -10.2905
-0.7152 2.3132 -1.3514
-3.0584 1.9476 8.2103
-0.0663 2.4027 -3.037
-3.2248 0.9844 9.7011
-2.6412 1.6965 8.4815
-7.3282 7.6413 -8.6598
-7.094 7.9657 -8.5495
-2.5774 1.0288 8.5567
-6.7641 7.1512 -9.905
-9.6726 7.7792 -9.4003
-3.1234 0.598 8.5183
-2.7327 -1.5887 8.587
1.9513 -0.5545 -0.2988
-1.8281 3.2106 -2.3609
1.6178 1.982 -0.1022
1.0078 0.9413 -0.9489
-7.7647 9.2503 -7.2063
-1.3966 2.2032 -1.6117
0.7934 0.4987 0.3744
-0.1238 -0.5328 -0.7247
-2.7584 3.3843 -2.6261
1.8044 0.2278 -1.2366
-0.0142 3.1321 1.8161
0.8793 1.0591 0.6837
-2.4014 1.5156 -3.7779
-2.2116 1.8965 -4.0397
