0.9659 4.7664 -3.6117
0.7843 7.4937 7.1175
1.524 3.4092 -4.599
0.5799 4.7088 -3.4609
-0.7438 8.2879 8.083
0.848 4.3347 -3.7454
-0.4245 7.9311 7.7579
0.396 4.4121 -4.7695
1.5563 4.8102 -4.1327
-7.2156 -6.6677 -8.4958
0.0364 7.7926 7.9002
-7.5294 -5.4088 -8.1653
0.6638 7.6675 7.2213
-1.3098 7.9682 7.7324
0.7076 8.035 8.3915
-7.6563 -6.7299 -8.6331
0.9398 4.0004 -3.3189
0.5813 4.4376 -3.681
1.3602 4.6971 -5.0418
1.6045 3.9285 -4.1921
1.6075 7.2097 6.8914
-6.8445 -5.6577 -8.7614
0.4104 8.1565 7.8139
0.5988 7.6406 8.2245
-7.5276 -5.5252 -9.2512
0.8075 4.5176 -4.2449
1.1369 4.2458 -5.146
0.7366 7.0258 7.5568
0.7367 8.3677 7.4625
1.5449 4.3204 -4.2347
-0.1673 8.3353 8.9618
-6.6523 -5.2676 -7.7634
1.9783 3.7673 -4.6285
-0.5523 7.1252 7.7044
-1.1573 8.3392 7.8397
0.9924 4.5559 -3.4371
0.613 8.0903 9.2153
0.471 4.0139 -3.8119
-6.9494 -5.9302 -9.0952
-7.6907 -6.678 -8.5584
-7.937 -5.4374 -9.0742
0.2214 8.2511 7.6883
0.2133 8.2784 8.4122
1.1862 4.3529 -4.5808
0.2278 8.4182 7.6514
1.1812 4.1082 -3.9094
0.0186 7.9061 7.8976
-6.7549 -5.9242 -9.694
1.5966 4.0261 -4.5737
1.3083 4.0978 -4.5987
-6.5581 -5.9137 -8.7219
-8.4955 -5.7314 -9.2311
-7.21 -6.9345 -8.9394
-7.3318 -5.36 -8.8069
-7.363 -5.3319 -9.3177
1.0804 3.7019 -3.7589
-7.29 -5.5072 -9.3988
1.2666 4.5386 -3.5682
0.4281 8.5717 9.3521
0.2724 7.2123 7.5673
-7.4953 -6.2756 -9.2298
-6.6719 -4.7235 -8.7716
-0.5754 8.0682 7.5741
0.7798 7.9704 7.8408
0.7399 4.3176 -4.1208
1.4885 3.8531 -3.7766
-6.7469 -5.5618 -8.778
1.2593 3.7054 -4.0022
0.7208 4.7283 -4.0817
-6.8993 -5.7928 -9.1294
-8.1309 -4.9422 -9.3486
0.8577 7.0856 7.2843
0.043 7.1648 8.1859
-8.0893 -5.443 -8.7689
-0.4995 7.6003 7.5081
0.0282 7.7871 7.6593
-7.8618 -5.6274 -8.6608
-7.9789 -6.1608 -9.4356
0.7027 8.4082 7.4748
0.2241 7.3175 7.3958
-0.0808 7.7152 8.6444
0.6164 8.0063 7.7698
-7.7848 -6.0922 -9.3433
-7.2033 -6.1255 -9.2634
1.0149 3.9661 -3.5947
0.051 7.6036 7.7231
0.7929 4.3065 -4.1299
0.3951 7.8798 8.0757
-7.347 -5.5709 -9.3016
0.0628 7.9204 8.5702
-0.0644 7.6512 7.7205
-0.6011 7.8493 8.1076
0.5829 4.5642 -4.4347
1.5277 3.3643 -3.94
-7.8119 -6.1605 -9.1178
-8.0154 -7.0207 -9.1706
1.2552 7.6005 7.9593
1.5153 3.1129 -4.0033
-7.8934 -7.1434 -8.6366
0.8365 8.1172 7.8962
-6.8402 -5.2968 -8.5728
1.3811 4.0526 -3.8645
-6.769 -5.645 -9.9674
1.6612 3.2762 -4.2647
0.6672 4.1193 -3.8092
-7.929 -6.1733 -8.5191
0.8956 4.331 -3.3179
-0.2337 8.5359 7.9476
0.4587 7.5414 7.9608
0.4514 5.1235 -3.777
0.6049 7.2343 7.736
0.0759 8.0679 7.063
1.986 4.0858 -4.3513
0.5921 7.624 8.1764
-8.1617 -5.8551 -8.0101
0.0202 8.5156 7.3768
0.8328 4.9013 -4.418
-0.1101 7.9034 7.0334
1.6501 3.2524 -3.8014
-7.9407 -4.9149 -9.2524
0.7222 4.5553 -3.8479
-7.678 -5.9991 -8.6029
-7.0616 -5.9463 -8.8602
0.1447 8.5627 8.2716
-7.3493 -6.7756 -8.6433
0.0869 3.9011 -3.1377
-7.322 -5.5859 -8.7816
0.8907 4.1484 -3.7176
-6.9065 -5.2372 -9.9188
-7.7168 -5.9399 -8.6461
0.0225 8.2484 7.9549
0.7514 6.9091 7.6106
0.6299 4.3339 -3.9151
-7.8797 -5.5317 -9.4162
1.7199 4.5589 -4.1054
1.5717 7.5754 7.8503
1.501 3.5403 -3.903
-0.5779 6.9239 7.826
-0.1662 7.9851 7.8204
-7.1286 -4.7996 -8.8374
1.0313 3.6187 -4.6789
0.88 4.5185 -4.1282
1.4305 4.2959 -4.604
-6.9888 -6.0634 -8.3732
0.6739 8.2852 7.6358
-7.293 -4.8502 -8.3863
0.8315 4.6924 -4.2634
0.4109 8.2146 8.1071
1.8988 3.9112 -3.6465
-0.1615 4.925 -4.0856
-0.0876 8.1652 8.9531
-8.9775 -5.5065 -8.7872
0.1623 8.6267 7.866
-7.8563 -6.4807 -8.3714
0.4476 3.6856 -3.5106
-7.9298 -6.0648 -9.0856
-0.3121 7.8092 7.4492
1.127 4.4519 -4.1392
-0.1467 7.1842 7.5392
-7.7001 -4.6698 -8.8767
0.5276 4.2491 -4.51
-8.02 -7.1781 -8.9489
-7.5285 -6.2209 -9.5914
-7.6796 -5.8614 -9.2733
0.4465 4.2859 -3.9656
0.6608 8.7809 8.1982
-6.2391 -5.9944 -8.457
0.1471 7.9454 8.3466
-1.3752 7.4326 7.0511
-6.9605 -6.862 -9.5973
1.2858 7.1993 8.824
0.9168 3.9822 -4.8033
1.2149 3.3484 -4.5014
0.0238 8.0141 8.697
0.0576 7.7498 8.5097
1.7176 3.6234 -3.6687
-8.1551 -6.7937 -8.9786
-8.1789 -5.9732 -9.2328
1.1509 4.299 -5.1069
0.2716 7.8898 6.7879
-7.8479 -5.1529 -8.9423
-7.8917 -6.2891 -9.3959
-8.1142 -6.1498 -8.9815
1.2205 4.7921 -5.0726
-7.7816 -6.1877 -9.8456
-7.0981 -5.3585 -8.8407
0.0241 7.826 7.9339
-7.3485 -6.3139 -8.6145
-8.1173 -5.9325 -9.3416
-7.4541 -5.1492 -8.3992
-7.5189 -5.5865 -8.683
-7.6763 -6.1117 -8.4729
-7.5687 -6.0432 -8.5632
0.9383 4.8976 -4.0056
-7.5885 -5.9351 -8.8448
0.3785 8.3333 7.8175
-8.3039 -4.9817 -9.1195
0.5372 6.7462 8.0764
-7.0456 -6.007 -7.9926
1.0149 4.1431 -4.4244
-7.9783 -5.8173 -9.2889
0.3348 6.9393 7.649
-0.064 8.6044 8.1023
-0.4157 7.3081 8.0045
-7.4427 -5.3686 -8.9604
-7.5338 -5.7804 -8.7147
-8.1857 -6.7266 -9.2037
-7.0655 -6.9032 -9.1798
0.3761 4.5611 -4.509
0.2887 4.2497 -2.5238
0.9992 4.8927 -4.495
0.778 5.1815 -4.1147
0.4471 7.7012 7.7512
0.115 6.8093 7.4601
-6.9275 -5.4703 -8.5456
0.1094 4.2902 -3.6499
-0.07 6.8004 8.2996
1.2244 4.7441 -3.78
-7.613 -6.7799 -9.2781
-7.2998 -5.2631 -8.7392
-0.4987 7.1808 8.1728
0.9775 4.9047 -4.9212
-7.2994 -5.1626 -8.4279
-7.1405 -5.8007 -8.7172
-0.2731 7.6925 8.744
0.3519 7.8445 8.2555
0.9657 3.8921 -3.9759
1.6947 3.7242 -3.3983
1.0845 4.2191 -4.8226
1.1439 4.2583 -4.6497
0.7378 3.7224 -3.677
0.0193 3.4998 -3.6616
-0.2965 7.9546 8.054
0.7805 4.2379 -3.5805
1.1051 4.0435 -4.7373
0.9605 4.188 -3.9
-7.1828 -6.0121 -8.1917
0.4381 4.1593 -4.391
-0.2733 7.8814 7.8879
0.5394 7.6435 7.5249
-7.6658 -5.5326 -8.9477
0.7599 7.465 8.4953
-6.9642 -5.8844 -8.1806
0.2694 3.981 -4.2325
-0.1801 7.6814 7.7271
0.9086 4.6859 -4.4513
-0.2588 8.411 8.202
0.293 4.6678 -4.7501
-0.0505 7.6421 7.8661
0.6502 4.4066 -3.5973
-6.7389 -5.6936 -8.7156
0.3254 7.971 8.2615
-7.7014 -5.5923 -8.4896
-6.6052 -6.0845 -9.0906
0.5424 4.5469 -4.2807
-6.8549 -5.6885 -8.6225
0.9309 3.7337 -3.1884
0.5403 7.8997 7.5254
-0.5057 8.0568 7.6787
-7.4658 -6.1183 -8.6489
1.0363 4.079 -4.1593
1.531 7.0416 6.8433
0.7299 7.7434 7.6723
-8.1165 -6.3254 -9.4631
-7.1444 -5.9795 -9.2249
1.4634 3.4673 -4.7505
1.1312 4.247 -4.051
0.6099 4.6612 -4.2881
1.0339 7.1362 7.2695
-6.2779 -5.1821 -9.4393
1.3339 4.3536 -3.4787
1.0509 4.3026 -4.5396
1.1306 4.518 -3.7729
-7.441 -5.4585 -8.8479
-0.0704 8.8588 8.139
1.914 4.1717 -4.4327
-0.0234 8.4463 8.0534
-0.0941 7.8561 8.2307
-7.5957 -5.6514 -8.7414
-7.8706 -5.3636 -9.5406
1.076 4.3123 -3.2713
1.2368 4.8145 -4.0672
-7.47 -5.8755 -8.5862
0.4899 3.3147 -4.5187
1.0282 4.1739 -4.226
-7.8234 -5.8113 -8.9495
-0.4636 8.5494 7.2726
0.8277 3.4968 -4.0682
0.5995 4.1497 -5.1173
-7.7729 -5.8514 -9.5915
-8.0422 -5.4988 -8.1087
1.3071 5.04 -4.4178
-0.0078 8.3567 7.2767
0.5914 7.8832 7.8005
-7.5173 -6.1881 -8.6861
0.4309 6.8499 7.7072
-7.212 -6.8343 -8.9671
-0.2037 8.3106 7.8896
-7.2894 -6.1877 -8.4842
-0.2922 7.2814 7.8827
0.5533 8.1662 8.2948
-7.6531 -6.2925 -9.3118
0.9129 8.337 8.6362
0.4036 6.5331 8.4151
0.8263 4.1363 -4.4203
-7.6459 -6.4322 -8.7091
-0.2062 7.397 8.1996
-7.809 -6.3299 -10.1018
0.2193 3.5391 -3.3535
0.3442 3.9021 -4.0859
-7.6134 -6.0469 -8.9206
-7.1374 -6.3285 -8.9113
-7.6323 -5.9191 -9.2204
-8.2938 -6.3317 -9.599
0.7587 3.308 -3.7024
-7.1939 -6.0528 -9.0586
-6.2075 -6.0784 -8.5147
0.5172 7.5036 8.7314
-0.3294 7.8655 7.7893
0.8048 3.9869 -4.3266
0.6559 7.1181 8.1105
0.509 3.8051 -4.5853
0.4323 7.7056 7.6138
-7.3302 -5.4516 -10.3295
0.0214 7.5751 7.9624
0.9761 4.6035 -4.4588
0.3164 7.541 8.1077
0.938 4.1725 -3.6153
1.1199 4.0198 -4.5706
-0.2206 7.6381 7.4691
0.0332 8.2103 7.4667
-7.5979 -5.8392 -8.3944
-7.6795 -6.2798 -8.2375
-0.3486 7.6718 7.1977
-6.7008 -5.8788 -9.1981
1.2643 4.0907 -3.7484
0.4125 7.8036 7.6475
-7.0312 -6.4157 -10.0596
-6.6711 -5.5757 -9.3308
0.9029 4.2871 -3.8692
0.7644 4.5638 -4.2668
0.7332 4.2369 -3.8494
-6.6568 -4.9738 -9.5876
1.1641 4.2131 -4.7921
0.8093 5.099 -3.6983
-7.7238 -5.8858 -9.6387
0.2571 7.2833 7.6443
-0.2179 4.2266 -4.1524
-8.0132 -5.4057 -9.7165
-7.4009 -6.0185 -8.1829
0.9816 7.3767 8.3706
0.2093 7.4295 8.2958
0.9495 3.8781 -3.0804
0.4535 8.0662 7.1069
-7.1268 -5.7623 -8.9919
-7.847 -6.7984 -8.3206
-7.5388 -6.3151 -10.2153
0.9541 7.0995 7.5535
-6.7852 -5.3242 -9.0362
0.1891 7.2887 7.8188
1.5271 4.0941 -3.1694
0.5946 3.8718 -4.45
1.3414 8.4605 8.1522
1.6889 3.7447 -4.3916
0.1117 7.6616 7.3036
0.4432 7.9671 7.6772
0.9243 4.5756 -4.7144
0.5224 8.064 6.6711
0.9805 4.5641 -3.5696
-6.868 -5.1455 -8.7177
1.5385 3.9475 -3.7516
-8.0738 -6.1752 -9.1878
1.068 7.5964 7.6266
-7.3435 -5.2685 -8.8648
-7.6853 -6.6282 -8.6751
-0.3495 6.7231 8.2498
0.7139 8.3397 7.786
-0.1349 7.5219 7.4754
0.5636 7.4056 7.6806
-7.9616 -6.2948 -8.3694
-6.4699 -6.2037 -9.363
-7.5075 -5.7244 -9.5102
0.735 8.1228 7.9861
2.0293 4.6184 -3.3079
0.6615 6.9105 7.566
-7.1413 -5.3781 -7.9305
0.9379 3.6775 -4.8073
-7.8939 -6.3327 -9.0605
-7.1635 -6.2323 -9.0504
0.4605 4.1238 -3.3419
-0.0663 5.2288 -4.8493
-7.7836 -4.5846 -9.0374
0.986 7.6485 8.5042
0.2674 7.5608 7.0215
0.2117 8.9318 8.2207
0.8442 3.9918 -3.8636
1.7381 3.8891 -4.5573
-8.4164 -5.3674 -8.7506
0.4706 7.3702 6.9259
-6.6363 -5.9454 -9.909
-0.1332 7.5541 8.1583
0.4143 3.8109 -3.6723
0.134 8.8939 8.7023
1.1637 4.6876 -3.7406
-7.0551 -6.9336 -9.2645
-7.2276 -5.5254 -8.969
1.5851 4.2473 -4.3266
1.6629 4.1684 -4.2016
-7.3782 -5.6573 -9.5987
1.1099 5.2437 -4.2569
-7.0202 -5.8884 -8.6995
-7.7999 -5.7632 -8.9815
0.2314 7.3413 7.5921
-0.3127 7.6033 7.9385
-7.0148 -6.2623 -9.0239
0.405 4.1783 -3.6154
0.6896 8.0681 8.4505
-7.7864 -5.94 -9.3226
0.2547 8.2683 8.4992
0.7132 7.6613 8.3525
0.896 4.2937 -3.9857
-0.2242 7.6943 8.6788
-7.067 -6.2632 -9.476
-0.7729 7.3683 7.3971
-7.8641 -6.1125 -9.0071
0.7091 7.7998 7.9149
0.4506 8.2641 8.2076
-0.1587 7.634 8.996
0.9135 7.9539 7.7412
-7.4176 -6.0074 -9.3394
-7.1405 -5.0994 -9.1154
1.7171 3.4119 -4.4264
-0.4453 7.4396 8.2199
0.6554 3.7748 -4.2074
-8.3342 -5.9041 -9.4348
0.801 7.8708 8.26
-7.7947 -5.533 -8.8699
-6.4896 -6.5577 -8.5054
1.5436 5.2541 -4.5631
0.9199 3.6061 -3.6282
-0.3406 8.0372 8.5113
1.1963 4.3011 -4.2583
-6.6483 -5.3908 -8.3129
-7.237 -4.9693 -8.8222
-8.9695 -5.7328 -8.4654
-7.7268 -5.1133 -9.1756
-6.8782 -5.706 -9.9206
0.7427 8.2916 7.9675
0.2107 8.251 7.628
0.3399 8.372 6.7074
1.8626 3.009 -4.4023
0.541 8.1187 8.1379
0.036 7.602 7.7044
-6.986 -6.4725 -8.7419
-8.1197 -5.169 -9.0431
1.621 4.0059 -3.9147
1.5158 3.5946 -3.7641
0.4259 8.0425 7.9245
0.4698 8.2359 7.9124
0.7356 5.0724 -4.1036
-0.1558 8.3247 7.719
1.0782 3.2108 -3.641
0.6427 3.9379 -3.9881
-7.1233 -6.0496 -8.52
-6.8298 -6.1666 -8.5748
0.2302 8.1599 7.8382
1.5597 3.5228 -3.8102
0.5974 4.6887 -3.7941
-7.8357 -5.5499 -8.544
0.6246 4.8107 -4.5426
1.3107 3.759 -3.8089
0.2732 4.3256 -4.2257
0.3545 7.6676 7.9531
0.9332 7.648 7.9552
-7.9963 -5.5667 -8.9778
0.2206 7.8625 7.4658
0.8992 4.0395 -4.0692
-8.014 -6.0866 -8.6982
1.5169 3.7553 -4.7158
-7.2622 -4.6789 -9.7687
0.3683 8.1896 7.6258
-0.3863 6.6073 7.721
-7.4775 -6.1311 -8.9704
0.0478 7.4872 8.6398
0.0904 4.3968 -3.4294
-7.5672 -6.5072 -8.2452
-1.1257 7.3351 7.9474
-7.7738 -5.6077 -8.7393
-0.5234 7.4222 7.7776
0.3643 4.0188 -4.2137
-7.5323 -5.7031 -8.9036
-7.6775 -6.0614 -8.8779
1.1505 4.2008 -4.0146
-7.9107 -6.3065 -9.4022
0.7402 3.9277 -4.0467
-8.9406 -5.6691 -9.4299
-8.2898 -5.3779 -9.5133
-7.5825 -5.8131 -9.1339
-7.8899 -6.2794 -8.6421
1.311 4.1205 -4.0425
-6.6509 -6.3426 -8.8566
1.9093 3.9953 -4.0197
0.1747 7.9314 7.5346
0.1843 7.9059 7.9199
0.9052 3.9 -4.0377
-0.1743 4.6309 -4.0594
0.5631 4.0735 -4.3337
-6.7448 -5.7979 -8.7712
-0.7549 8.1127 8.7717
-8.1931 -6.3863 -9.2262
-0.0524 4.8711 -4.2794
0.8934 8.9099 8.7466
0.4915 4.8149 -3.7438
0.6322 4.7769 -4.1279
-0.4078 7.852 9.0702
1.0593 2.4077 -5.0131
-7.4423 -6.1906 -8.1033
0.1714 6.6649 7.1922
0.8276 4.074 -4.1532
0.0462 4.1226 -4.8908
0.7774 3.9975 -3.9515
0.376 3.9527 -3.8136
-8.1699 -5.0075 -9.1928
0.0413 7.8143 8.2682
1.8253 4.8642 -4.5235
0.7288 7.1892 8.1042
0.2145 8.5985 8.0845
1.7508 4.4588 -4.7527
0.4205 7.7682 7.9834
0.5156 4.4061 -3.3697
-6.8356 -5.7914 -9.5259
-7.4123 -4.8491 -8.9035
-0.4471 8.047 7.9445
-7.5037 -6.2165 -8.7407
1.0444 3.3327 -3.833
-7.9498 -5.9222 -8.6957
0.2646 8.3884 7.8551
1.264 4.5081 -4.7801
0.414 8.4961 7.8515
-7.3376 -6.1189 -8.6379
-7.9263 -4.6664 -9.5239
-0.0161 6.9732 8.6883
-7.9423 -5.4978 -8.1969
-7.3957 -5.9317 -8.3759
1.2797 3.2804 -4.4214
0.1397 7.8793 7.6697
0.1614 7.8104 8.1432
1.4086 4.559 -4.9036
0.523 4.9008 -4.7859
0.5773 4.2287 -4.0517
0.4058 8.5802 8.2269
-7.3015 -5.7166 -8.9057
-7.672 -6.3514 -8.486
0.1966 7.7383 8.6831
1.7119 3.8211 -3.9738
0.8661 4.1809 -4.4277
-0.2463 7.8551 8.6867
1.0706 7.9973 7.2714
1.6425 4.2987 -3.6881
-7.7292 -6.123 -10.0473
0.8171 7.5896 8.3274
0.3237 8.09 8.2261
0.6865 4.2849 -4.4596
-0.7311 7.8929 8.0891
-6.8558 -5.7893 -8.6857
1.7624 3.8447 -4.0689
-9.0557 -5.1086 -9.6716
-0.126 8.2061 7.8361
-0.2256 7.1602 7.6927
1.1998 4.1891 -3.5973
-7.5399 -5.9019 -9.7172
-7.378 -6.2275 -8.83
0.8247 5.4764 -3.5799
-0.4196 7.8069 6.9994
1.1261 7.9343 7.0803
-6.2582 -6.6354 -8.793
1.0758 4.2782 -4.1516
0.0747 8.069 7.7396
-7.7133 -6.0679 -9.0287
1.3379 4.8385 -4.8053
1.425 5.1272 -4.4859
1.1038 3.8189 -3.1587
0.5967 7.7402 7.5176
-7.8013 -6.5688 -8.6086
-0.3232 7.4266 6.9971
0.7647 8.2776 8.6488
1.133 4.134 -3.3244
0.6024 4.1189 -4.5615
0.4682 4.1951 -3.9865
0.2906 7.7237 8.4106
0.4333 4.4996 -3.278
0.624 3.718 -4.3427
-6.8629 -5.6043 -8.4795
0.9366 5.0647 -4.2957
1.1163 2.6847 -4.3166
-7.0126 -5.4851 -9.048
0.1324 7.6414 6.8376
-0.5854 7.3048 8.4088
-8.1794 -5.6067 -9.0105
0.1666 3.9817 -4.4254
0.9569 7.4072 7.6055
-0.6447 7.5388 7.3191
0.6761 7.2501 8.7714
1.4559 4.171 -4.6878
0.4819 4.2901 -4.1303
1.9727 4.3382 -4.252
-7.4162 -6.3756 -8.3458
1.4902 4.2397 -4.4037
-7.5281 -5.5733 -8.1686
-7.3288 -5.6555 -9.0693
-7.2286 -5.9195 -9.0241
-7.112 -5.5586 -9.4711
0.4236 7.5797 7.6081
-0.2524 7.5584 7.7498
-7.1353 -5.0555 -8.8057
-7.2332 -6.1045 -9.2354
1.109 3.399 -3.7339
0.81 7.2495 7.6188
0.6998 7.417 8.0326
0.8857 3.622 -3.7593
-8.5723 -5.8387 -9.9545
0.1714 8.2941 8.4118
-7.93 -5.8422 -8.7555
-7.7209 -5.3872 -8.8019
0.9052 4.9445 -4.4661
0.8271 3.8391 -4.8078
0.9766 3.8684 -3.5383
-0.2842 7.1173 8.2579
-8.444 -5.9746 -8.8509
-7.3677 -6.2452 -9.5412
-6.6767 -5.0896 -8.5617
0.2227 7.6784 8.1043
1.4389 3.9257 -4.8798
-0.2617 8.3785 8.2671
-8.2492 -5.234 -8.3152
1.1358 3.4482 -5.0436
-7.9711 -5.5474 -7.7361
0.6889 4.308 -3.8374
1.4713 8.0044 7.8768
1.2337 3.5929 -4.6966
-0.1821 7.6508 7.6959
0.2179 7.7746 8.0675
1.6673 4.1506 -3.8314
-7.5169 -5.4457 -9.4634
0.9472 3.8095 -4.4055
0.9645 4.2742 -4.5345
-6.9122 -5.8143 -9.1444
1.2012 4.3253 -3.2752
0.2526 8.2391 8.2241
0.057 8.196 7.521
1.3997 3.0999 -4.0967
-7.9771 -6.0485 -8.6778
0.5893 7.6302 8.8712
-6.8075 -5.7417 -8.6746
1.377 3.9409 -4.7938
-7.3353 -5.8397 -9.3175
0.6836 7.9724 7.6522
0.8856 7.0857 7.6189
1.6902 4.4623 -4.6746
-7.8196 -5.9506 -9.4169
0.6689 3.2485 -4.2216
-7.1978 -6.5521 -8.4687
0.7092 8.0016 7.5137
1.4114 4.193 -5.1876
-7.3843 -5.3427 -9.1821
-0.145 6.6205 8.4208
-7.5752 -5.6859 -7.7808
1.3508 7.455 7.4195
-7.7816 -6.3523 -8.5601
0.3742 4.6275 -4.4293
-7.1878 -4.7737 -9.4345
-7.4872 -6.5684 -9.1912
-7.1874 -5.5161 -9.0805
-8.2771 -5.6652 -8.9741
-0.0591 7.9553 8.1866
0.634 8.156 7.8518
0.0031 7.1895 7.655
-0.2884 7.5067 8.1852
-0.2334 8.737 7.3615
0.5394 8.152 7.5891
-7.8019 -6.2705 -9.5676
0.2964 8.0009 8.4216
-7.5951 -5.4569 -9.1135
1.943 4.6366 -3.0689
-7.6279 -4.7642 -9.0492
1.4058 4.5969 -5.0995
-0.0464 7.555 7.8395
-7.4873 -6.017 -9.4043
1.8291 4.3954 -3.8998
0.5911 4.4096 -3.8112
-6.7286 -5.727 -9.3365
0.3256 8.0047 8.1277
0.7153 4.6326 -4.7721
0.5435 8.0518 8.3775
1.0973 4.5112 -3.3239
-0.8357 8.2697 7.7618
-8.0595 -6.6115 -9.7812
0.0932 8.3586 7.7416
0.5667 4.4901 -4.7288
0.0937 8.7764 8.2214
1.4982 4.6017 -4.4148
-8.2479 -5.7374 -10.1641
-8.3016 -5.8125 -8.5182
-7.9036 -6.1761 -8.6174
-7.936 -5.3181 -8.4599
0.2688 3.8251 -4.77
0.6856 7.2654 8.7845
-6.3605 -6.0793 -8.7158
0.9008 4.3954 -3.4008
0.4271 8.784 7.9503
0.3232 4.1147 -4.2026
-8.2592 -5.5196 -8.3428
-6.9174 -6.2105 -8.4906
1.1125 4.1917 -4.4237
0.6802 4.7459 -3.7701
0.5738 4.5474 -3.7128
-7.1866 -6.1979 -8.846
1.6389 3.5121 -4.4389
-7.2611 -6.0564 -8.8839
-6.6839 -5.71 -9.8505
0.0281 7.6365 7.5609
0.1352 7.6855 7.8016
0.2869 4.2639 -3.6967
0.9986 3.7264 -3.4867
-7.1954 -5.3318 -9.0715
1.1589 3.9776 -3.6567
-7.6591 -6.0139 -8.909
0.8072 7.2259 8.0548
-0.0778 8.038 6.9828
1.2261 3.9865 -4.2976
0.5212 3.6804 -4.8928
1.7634 4.0572 -4.1712
1.4424 4.3862 -4.2892
-0.7001 7.5209 8.5784
1.0652 7.8485 8.0107
-6.6148 -6.5402 -8.6176
-7.5643 -4.9772 -9.7319
-7.3582 -6.2599 -8.2235
-7.1123 -6.2563 -9.8101
0.3217 7.6361 7.9767
0.3037 7.147 7.8299
-7.5302 -6.6087 -9.0018
0.2148 8.1726 8.2365
0.3399 7.7776 8.5975
-7.3599 -6.2255 -8.8355
1.0907 4.1686 -4.2322
0.4025 7.7209 7.6352
0.7492 4.9715 -3.6519
0.5403 7.4061 7.4066
0.2349 7.891 7.6015
0.2312 8.594 7.1651
-0.4187 5.0743 -3.5519
-7.9056 -6.3349 -9.7252
-7.1808 -5.4672 -9.2434
0.9442 3.8823 -4.1891
-7.5846 -6.9781 -9.389
-7.4824 -5.6173 -9.4847
-7.5878 -5.4941 -8.7146
-7.6753 -5.6825 -8.4678
1.6632 4.1538 -4.8254
-6.7043 -6.2847 -8.8328
-7.7274 -7.1412 -8.433
-7.3401 -6.1249 -9.8868
-7.8605 -6.2512 -8.7582
1.2402 8.7748 7.8761
-7.7361 -6.2864 -8.64
2.0699 4.612 -4.0861
0.0427 8.4284 7.0274
0.8327 8.3725 8.4035
-6.8706 -5.4837 -8.7556
0.5079 8.601 9.1468
1.5648 4.997 -4.7302
1.2066 4.0507 -3.8822
0.7802 7.2136 7.9087
-8.3106 -6.0584 -9.2478
1.6261 2.9595 -4.9087
0.7508 7.9255 8.043
0.4482 7.4102 7.8117
0.08 7.4972 7.3103
-0.9314 8.4923 8.3163
-8.1984 -6.1834 -9.0486
0.3717 3.8642 -4.2027
-7.6225 -5.688 -9.8387
-1.078 8.1325 8.3217
1.0409 3.5624 -3.7964
0.1496 4.0463 -4.3661
-6.7562 -6.1873 -8.6684
1.1345 3.7942 -4.0771
-7.5728 -6.2563 -8.9
-7.1624 -5.5529 -9.2887
-6.8348 -6.4112 -9.4843
-7.2361 -5.5371 -8.7979
0.3457 7.9383 7.0326
1.2685 3.8612 -4.1319
-7.4897 -5.6663 -8.9045
-6.3336 -6.0376 -8.4796
-7.9235 -5.747 -8.3238
-0.1329 7.3596 8.0341
-7.1026 -5.7823 -8.9163
-7.4833 -5.7415 -8.3159
1.1506 7.9559 8.1417
1.2767 4.1415 -4.1684
0.7492 3.8345 -3.6026
1.7379 3.6507 -3.3183
0.2615 8.3629 7.4357
0.1157 8.1313 8.0331
0.4681 4.8488 -4.6966
-7.0807 -5.6222 -9.2899
0.7625 8.5864 8.3823
1.4586 4.5136 -4.618
-7.8975 -5.8873 -8.0254
2.0339 3.6581 -4.6674
0.1642 6.9461 7.9996
0.8016 3.9401 -4.7965
0.5426 7.6698 7.5827
-0.2785 7.4845 7.3113
1.0107 4.291 -4.3282
-8.1121 -5.4321 -8.5279
-6.7825 -5.9777 -9.7789
-7.9046 -6.128 -9.2353
1.0734 4.5745 -4.6882
0.0801 8.2842 7.7835
0.4939 8.6621 7.3711
-7.7134 -6.285 -8.7251
-0.5691 7.4137 8.3024
0.1086 7.5273 8.0959
-8.4087 -5.8898 -8.4927
1.0192 3.996 -4.862
0.6006 5.5496 -3.6194
-0.3123 7.9214 7.9228
0.4824 8.5091 8.1847
0.1763 3.4972 -4.3447
1.5008 7.509 7.5516
0.905 3.8816 -3.9212
-7.6355 -5.1172 -9.9832
1.3264 4.4123 -4.041
0.4983 8.3853 6.955
0.4405 7.8022 6.8741
0.9902 4.9068 -4.3413
-7.2643 -5.758 -8.7664
1.0224 5.0586 -3.5717
0.6177 3.7922 -4.2285
1.8173 4.582 -4.1789
-7.7007 -4.8086 -9.1605
0.5319 7.7179 9.3692
0.2939 6.4002 8.1056
-6.7831 -5.6786 -8.9068
-7.2322 -5.5351 -9.3371
0.246 7.493 7.9613
-7.5921 -5.9387 -8.6437
2.2451 3.8462 -4.3997
-7.1454 -5.6584 -9.0244
0.3975 8.2473 7.7507
-0.0994 8.0958 8.2851
0.1943 5.2387 -4.5958
-0.2775 7.7792 7.9433
1.0623 4.5569 -4.1921
0.3907 7.7878 7.8799
0.5932 4.206 -4.9332
-0.1406 7.7379 7.4832
1.0209 4.4387 -4.6364
-8.1595 -4.6395 -8.867
-8.476 -5.923 -9.8432
-0.7544 8.4047 8.0102
0.5796 3.8259 -4.2962
-7.9313 -5.4486 -9.6295
1.6181 4.8467 -3.8645
-0.1248 8.0705 7.8284
-8.1642 -6.2894 -9.5518
0.1158 8.3545 8.3882
-8.3989 -5.2438 -9.1051
1.4194 3.3323 -4.0605
1.0439 4.6067 -3.9858
0.1121 4.6737 -4.1319
1.201 5.0064 -4.2702
1.6659 4.5855 -3.9578
1.2019 4.225 -4.5519
0.6318 7.1406 7.0365
-7.7558 -6.1549 -8.3987
-0.7477 7.8367 8.2789
-7.423 -6.4514 -9.4515
0.783 3.5872 -4.2291
0.9535 4.8333 -4.5683
1.1585 3.6516 -4.3193
-0.055 7.7506 7.4168
-7.0427 -5.0502 -8.7074
0.7535 3.244 -4.2574
-7.158 -5.5565 -8.7658
-8.2613 -6.3372 -8.8702
-7.793 -5.3489 -9.2815
0.9761 8.1553 8.629
-0.3502 7.8953 7.7832
-7.4652 -5.5515 -9.223
-0.5151 7.7184 8.3566
1.1297 4.3795 -4.5741
-0.6028 8.9204 7.7189
0.0669 7.3187 8.0766
0.7619 7.5453 7.6529
-0.1658 8.0435 8.2942
0.3612 7.2453 7.9366
-0.0553 4.0426 -3.6842
0.5101 6.7338 7.4146
-0.1137 8.883 7.2872
2.0416 3.8323 -4.7201
-0.1585 7.2603 7.6907
1.3163 3.2592 -4.9899
-0.0237 8.0488 8.5922
0.0655 7.9238 8.3635
1.4043 3.7397 -4.0997
0.8371 4.046 -4.5832
-7.4028 -5.1577 -9.6161
1.7094 4.6859 -4.9501
-0.0779 7.6009 7.9335
1.3071 3.9784 -3.8662
0.5146 6.9555 7.5947
-7.9435 -6.0809 -8.8101
-7.0192 -6.6409 -9.2287
0.7486 3.4995 -3.8479
-0.3151 8.0775 7.8732
1.5369 4.0517 -2.9071
-0.1349 7.7185 8.2998
1.1466 3.8157 -5.1943
0.1091 8.6955 8.358
1.8499 4.5237 -4.439
-0.0217 3.8917 -4.4494
-6.7965 -5.9498 -9.6199
1.3896 4.6666 -4.7794
-0.2695 7.9154 7.52
1.6248 4.8866 -4.7429
-6.7138 -6.1361 -8.8857
-7.9427 -5.233 -7.9918
-7.8195 -6.3727 -9.3499
-0.2191 7.5487 7.7234
1.5221 3.7239 -3.9397
0.8905 7.8814 7.6313
-6.9264 -5.4459 -8.6376
-0.2143 8.7585 8.1189
-7.1572 -5.3009 -9.2182
1.8537 4.0926 -3.6418
-7.7495 -5.8446 -8.7451
0.8987 4.3066 -3.7798
0.5531 7.6779 8.166
0.8423 4.1961 -4.9957
0.6509 8.704 8.4099
0.3826 7.0705 8.4951
-7.4126 -6.6669 -9.0531
-8.0664 -6.1235 -9.2633
-6.4503 -5.677 -8.7939
0.0982 7.5448 7.8937
-7.249 -5.4548 -8.6464
-0.0674 8.8293 7.137
0.3809 7.0409 7.3376
-7.252 -5.7882 -9.1692
0.6773 4.4964 -4.5909
1.0206 4.3661 -4.1099
-8.107 -5.6948 -9.1568
-7.3794 -6.326 -8.9379
0.9065 4.1966 -4.8983
0.4748 7.1443 7.813
1.4833 4.2386 -3.3633
1.2792 3.629 -4.1335
0.6667 4.9973 -4.6013
-0.6106 8.461 8.9118
0.7859 4.134 -3.1431
0.3463 8.0797 8.2099
1.0527 3.7623 -4.2319
-7.811 -6.3878 -9.6474
-8.0358 -5.0929 -9.01
0.351 8.4985 7.3643
-7.0421 -6.2294 -8.6305
1.1156 3.1307 -3.9766
1.19 3.7014 -3.1211
-7.8373 -6.0188 -8.9749
0.6522 8.2448 7.9899
0.9332 7.464 7.4133
0.41 3.9549 -4.1105
-8.7524 -5.7881 -8.3645
1.3977 3.9427 -4.1411
0.7913 3.6933 -3.5874
0.0103 7.0787 8.7063
0.4136 3.8929 -3.8502
-7.4703 -6.2166 -9.483
-8.602 -5.7893 -9.4793
-8.1488 -5.2095 -9.1631
-0.0665 7.1628 7.3727
0.9526 4.3054 -4.0462
0.9669 4.7712 -4.7039
-0.3107 8.3843 8.6428
-7.3913 -5.2941 -9.2401
-7.8435 -6.1849 -8.7628
-7.8307 -6.4754 -9.3841
1.4287 4.2984 -5.0525
1.1762 4.0926 -3.7917
0.9572 4.4336 -4.496
-0.4952 8.0959 7.7261
-6.2161 -6.7942 -9.2144
1.5882 3.7867 -4.3174
-0.3351 7.5738 7.3058
0.5546 4.5833 -3.6391
1.5727 4.4651 -4.0925
