8.0615 -6.1477
8.1318 -4.2934
-8.0834 5.981
-3.8604 -1.0517
-7.4208 7.7094
-8.7782 6.9735
-3.5342 2.8065
7.9678 -4.0535
-11.0078 7.8573
8.3578 -5.6663
0.7811 -7.219
2.384 -8.4868
-10.3697 8.6667
1.5432 -7.5901
1.7243 -8.2246
8.0912 -6.2513
-8.8839 7.2465
-6.2838 8.5144
-8.5038 7.0192
-6.0647 0.0083
6.2159 -5.3009
8.9735 -5.6521
-6.994 7.8328
5.7183 -4.8443
8.0215 -4.9387
-3.8714 1.2319
0.4947 -7.7951
-4.3324 0.6509
-0.9295 -6.8545
-9.3398 7.6267
0.2718 -7.6178
-9.138 7.3
6.1034 -4.6153
1.8262 -6.3569
7.7107 -5.4236
-6.2958 2.3904
-4.8044 2.608
1.3302 -8.2583
-8.4792 6.9944
8.7274 -4.2166
6.5685 -4.725
-4.6449 -0.1053
-8.0223 8.4857
2.23 -5.4937
-5.3765 0.019
-9.1333 7.7989
1.1801 -5.6282
6.4848 -5.4654
-3.8793 2.0895
7.2608 -5.8485
2.2245 -7.2981
-2.9927 0.6005
5.3316 -6.0267
-1.4607 0.7675
2.2158 -6.3593
-8.5093 8.7327
-8.0579 6.8959
2.1322 -7.0112
-4.1571 2.1307
-9.4516 6.8521
-4.3151 1.8049
0.1644 -7.123
1.1451 -7.9814
1.2905 -7.921
-7.7999 6.133
6.9389 -3.312
-4.6049 0.5182
1.3172 -5.9671
-4.1543 0.7234
-4.9926 1.1855
3.4536 -7.0817
-8.5827 6.4081
-0.4291 -6.677
7.3117 -5.9667
-9.7523 7.6621
-0.048 -7.3396
1.8113 -6.4671
8.5334 -5.598
2.4383 -6.0214
0.7482 -7.2612
-2.2952 1.547
-8.1901 5.2267
-4.9122 3.4348
8.4855 -5.6538
-6.5441 5.8723
-9.2104 6.832
-2.9436 0.9335
7.9744 -6.473
-0.533 -6.6791
-9.9933 5.5929
6.7044 -4.9602
-3.8575 2.0999
-8.9988 7.0411
-9.0671 9.0716
-5.5386 0.3238
1.1295 -6.7088
-8.639 10.2585
7.4555 -5.0682
-6.9895 8.6871
0.8924 -8.3427
-0.2393 -5.8376
0.5465 -7.3481
6.5978 -4.9776
-8.1701 6.4136
-3.174 2.0761
-4.4032 0.8452
8.6877 -3.9281
0.9915 -7.2339
1.1981 -9.3059
-9.3661 6.7446
7.6318 -3.4395
6.6854 -5.9092
-0.2103 -8.4073
7.9424 -4.9263
-9.0765 8.0773
-4.516 2.0471
3.6756 -6.0393
2.7842 -6.9061
7.7174 -4.3155
-0.5779 -6.5684
-7.8106 7.5905
0.9455 -7.9513
-9.3216 6.2785
-7.8376 7.6906
8.2342 -4.9291
-4.1836 1.9932
-9.0816 7.3515
-4.5927 1.3366
-4.5262 0.7935
1.623 -8.8547
0.0448 -6.8614
-5.0393 0.3114
6.739 -6.2493
2.4638 -8.7683
9.5234 -5.6646
-5.3616 0.0731
-4.0391 0.9967
-1.1891 -7.9233
-7.9288 5.9205
-3.8732 0.4915
-8.1716 7.292
-8.1657 7.3966
-3.5912 2.6166
-7.6946 8.9853
-4.4768 1.7155
0.6451 -7.0588
8.0112 -6.572
7.9249 -5.0976
-8.0722 7.1737
6.3327 -4.0856
-9.1092 6.6047
-3.2348 1.5961
1.7941 -7.3431
-0.5099 -6.6809
5.3612 -4.9247
-3.6234 1.1254
-8.8499 7.1251
-0.1698 -5.9177
-9.8325 6.083
8.151 -5.3251
0.9648 -5.8549
1.4373 -7.2525
6.9217 -4.668
0.4607 -6.6086
2.3991 -6.9591
-3.6174 1.8115
7.2864 -4.1287
-9.4251 8.6204
-5.0216 1.3989
-3.9398 3.4419
0.2512 -8.8222
1.7368 -6.3154
6.5267 -4.9716
6.4677 -7.3245
7.5649 -3.073
6.484 -5.4164
-3.6242 1.4978
-7.5919 8.2383
1.0413 -5.8016
-7.1455 7.9905
7.8926 -4.5452
-10.7323 8.498
-6.4925 7.1506
-9.9509 6.1112
9.247 -5.6719
1.713 -6.0027
2.5582 -5.5366
8.053 -5.7991
-3.3582 1.3414
-9.1973 6.0373
7.1078 -4.4455
6.8039 -6.9718
-8.0153 5.4361
-9.8712 7.1198
8.7644 -5.9905
-4.8022 0.9838
0.383 -7.0335
-9.1878 8.6649
-5.02 0.814
-3.2962 1.6051
7.4867 -4.3395
0.0872 -6.0455
7.6034 -6.256
7.8665 -4.4528
-3.923 -0.8562
-7.3217 7.9335
6.0651 -4.2238
-4.3238 -0.0201
-8.6089 7.1733
9.8033 -4.4569
8.5729 -4.9801
1.762 -7.2351
-3.4412 1.2964
6.9182 -6.6959
7.053 -4.7079
7.7957 -4.8498
7.2723 -6.8263
-4.7426 0.3786
2.0594 -6.486
2.0371 -6.6163
7.857 -4.4503
-4.353 2.9434
0.9725 -6.8803
3.274 -7.4646
-3.2394 1.6168
7.106 -4.1345
-3.1283 1.332
-9.9194 6.5896
-4.1854 3.622
1.3197 -7.4233
-0.648 -7.1932
7.0272 -5.4576
-3.1692 1.6644
-1.2181 -7.0174
-3.6235 -0.4488
-8.183 7.4163
7.7149 -4.7479
6.7718 -3.1893
1.8622 -8.2531
-4.5286 0.6075
9.0715 -3.3616
7.5271 -5.1605
9.0717 -4.988
-6.8363 8.8678
8.0984 -6.1296
9.2322 -6.1705
-4.5745 0.5101
1.7336 -5.5941
6.7485 -5.2439
1.0292 -6.4057
-1.3497 2.2096
-9.7497 5.5064
-8.831 8.394
5.8976 -4.098
-7.7935 8.5725
-6.4241 1.7917
7.7617 -4.536
1.979 -7.1343
-4.2548 -0.2684
-4.7218 3.6936
-8.8336 7.4582
-7.4205 6.442
-6.1848 -0.9602
-4.1988 0.9306
6.5747 -6.0966
-4.9116 2.2449
-3.9359 0.9691
5.9942 -4.1358
-8.6987 7.0009
0.6039 -7.4149
8.7536 -3.854
-2.883 0.6222
-3.9391 0.6894
2.4951 -7.2167
2.9001 -6.2495
0.1171 -7.2254
-9.2445 7.7857
8.9615 -6.5261
-8.3131 8.5165
8.2101 -3.9263
6.9686 -5.5385
-1.4734 1.0046
7.2992 -3.9996
-8.2766 8.9065
-8.7523 7.9786
-3.9193 0.2352
-3.9518 2.043
-3.6117 1.5012
6.8774 -3.1805
-3.0527 0.113
8.0726 -5.1958
-2.8219 1.0917
0.6894 -5.9933
-8.3529 8.9965
7.5248 -6.3407
1.4997 -7.1573
7.2685 -6.573
8.2083 -2.6467
0.6989 -7.0225
-5.3311 0.8727
0.5918 -7.1371
-0.1389 -5.2266
-8.6376 6.1324
-5.2101 0.393
-3.8078 0.9757
-7.9297 7.5784
-9.4203 7.1579
0.4788 -7.6228
9.368 -6.5812
-4.253 1.3723
1.1248 -8.6615
8.4792 -4.5815
-8.8372 6.9607
-5.3664 2.4419
-3.7907 2.5663
2.9918 -7.3555
5.6489 -5.2
0.3237 -7.207
-8.5402 6.7636
-8.1622 8.1805
6.5929 -5.276
0.8038 -8.4793
-10.0293 8.1802
-3.9125 1.0882
-10.0029 5.7686
1.7441 -5.9919
9.0157 -4.9792
6.421 -4.1787
-9.1158 6.3883
-7.5528 5.0392
-4.0645 1.8097
-2.5693 1.5446
7.4635 -4.6266
2.112 -6.7074
-0.4085 -5.281
7.6622 -4.1518
6.2849 -3.8753
-8.9623 5.2558
-8.3927 6.9526
-3.9481 0.5648
-7.5911 8.0666
-3.842 0.7142
0.8265 -8.8127
-5.2151 1.4795
1.8083 -7.7859
-2.882 0.9566
7.9851 -5.0769
-5.0039 2.0978
0.4283 -6.5969
-7.5282 6.4595
0.3833 -6.8023
-4.3939 1.5091
-9.3413 6.1335
-4.6838 -0.1739
-8.4867 7.101
8.2525 -3.2405
-0.379 -7.6195
-4.8634 0.3516
2.1668 -7.5826
7.4439 -6.1215
7.3987 -5.859
-4.8861 -0.4959
7.3708 -5.5791
0.5897 -5.436
-9.7619 8.2676
-9.9432 7.3967
-4.4055 0.7014
6.7769 -5.5632
8.688 -4.2133
-9.6334 7.7456
8.4447 -5.0635
-3.9311 2.1011
-4.3225 0.0182
1.3313 -7.6751
7.4459 -4.1893
7.7195 -5.4958
7.7409 -4.8776
-7.6156 8.6828
0.2689 -7.7632
-3.765 2.498
6.6277 -6.3847
6.3674 -6.3656
1.8376 -6.5099
2.187 -5.6087
7.5856 -4.9647
6.528 -4.472
1.9644 -7.0614
1.0026 -7.5516
8.6983 -3.4498
-8.7427 8.8191
0.6057 -6.1441
-10.087 8.1934
-5.0593 2.6799
9.6225 -5.9644
8.4442 -6.7958
-4.218 0.7588
-8.9913 8.5906
-6.5521 8.0583
-7.9091 7.056
-4.3101 1.4865
-4.6795 -0.0798
-8.0165 7.8172
0.8811 -8.0287
8.2056 -6.1668
-4.5548 -0.4719
7.3318 -4.4659
-7.6921 6.5119
-4.2191 0.3607
-9.0184 7.3953
-7.5357 6.8102
-10.0484 8.321
2.3187 -7.7808
-4.2364 -0.6863
8.5724 -2.9736
-5.7108 0.9219
0.8529 -8.8958
8.2975 -7.321
7.6201 -2.1766
0.2553 -7.0236
6.008 -6.4769
-0.3503 -7.3256
-10.5068 7.7347
-8.2882 7.3184
-10.5011 6.8422
3.1524 -7.1905
-10.9238 8.6511
-8.6439 8.102
4.8046 -5.809
6.4819 -5.1678
-9.3197 7.7696
6.4616 -5.8078
8.9601 -5.3602
7.6212 -5.7449
-4.6257 1.8329
8.8637 -6.8691
7.5673 -5.4754
0.0708 -8.6168
0.5579 -6.6052
8.0857 -6.0619
-8.926 6.7292
-6.4315 8.1284
-9.4508 5.824
0.4713 -7.7591
1.9907 -7.1792
-5.0976 1.5072
-3.2993 1.7957
1.8534 -7.3067
1.5999 -6.3941
-5.1474 0.6065
1.2823 -5.5687
6.5612 -4.4027
-8.137 7.2227
-7.6259 7.048
-10.1641 8.563
1.5101 -6.2367
-8.8006 6.4254
-5.0656 -1.3778
8.1898 -4.4114
-7.2455 8.4179
3.5119 -6.1965
0.2507 -7.1082
-8.6797 9.1794
7.5785 -4.5269
0.1936 -7.9829
1.6914 -6.4474
-5.1162 -1.3004
0.6731 -7.1323
-10.472 6.0
-5.5152 0.6226
2.4525 -4.9934
0.9923 -7.2571
4.7105 -4.7541
7.576 -3.621
-8.8091 5.6895
-9.5989 8.3861
-8.981 7.9639
-8.7886 7.2259
7.9587 -4.3726
-3.0268 0.4254
0.917 -8.1929
-8.9363 8.1444
1.3872 -7.2989
1.5916 -8.113
-5.6861 0.3366
-0.3923 -8.3328
-5.3008 1.2316
-7.9446 7.8935
-4.4041 1.8868
7.8466 -4.3223
-4.332 1.5143
-8.0045 8.3855
9.1342 -5.3605
-5.0895 1.3562
1.9619 -6.6557
-4.222 0.9054
0.6109 -4.7136
-8.6398 5.5277
7.7814 -4.8147
1.3626 -7.0501
-3.3643 0.5948
-9.2919 7.6646
-0.6408 -6.5757
1.121 -8.2015
0.2276 -5.7966
6.9991 -3.5525
-4.038 0.1906
-8.4332 8.3915
-7.5467 6.9112
-10.9562 7.3589
-5.0629 2.183
-3.5218 1.3315
8.3387 -4.8025
0.3528 -6.123
1.348 -8.5486
9.625 -4.5769
-8.2619 6.9467
-3.0748 0.9747
-8.0571 6.1555
7.9998 -4.3912
-9.4914 7.7327
-3.0209 1.7271
7.6584 -5.0798
0.8898 -6.7946
-8.9407 7.253
0.6796 -8.6358
2.6977 -8.0294
8.996 -4.8726
9.3618 -5.2781
-8.5034 8.325
-9.5831 6.0314
-2.2201 1.9729
1.2416 -7.7611
-9.6861 6.7175
7.8732 -5.0963
1.1842 -5.5594
0.2963 -6.938
-4.7278 1.6781
-4.5136 0.9727
1.6396 -7.6251
1.5564 -7.1307
7.7024 -5.2298
0.7244 -6.9223
-4.0992 0.5955
1.5386 -6.1602
-5.3213 2.0655
-9.5692 6.9852
-7.0351 1.451
8.4683 -3.6627
0.6043 -7.9579
-9.6173 8.4138
-4.4766 0.8043
7.5505 -4.7453
2.2012 -6.8793
-4.2408 3.3418
-8.1228 7.2336
-8.0106 8.878
-10.0579 6.8869
-4.2736 0.0605
-8.9821 6.9236
-8.8387 9.2539
-8.1002 8.2936
-10.2872 7.9404
-5.1697 3.142
5.8642 -5.6884
-0.2246 -6.793
-3.1073 0.3799
7.528 -5.3831
-8.8337 7.082
-1.6419 2.0556
-7.5325 5.9561
6.7084 -4.4979
1.3509 -6.5542
1.507 -7.3549
-4.5981 0.4712
-7.803 8.3514
7.4147 -6.1978
-9.3968 7.9355
7.5122 -5.3831
-9.1378 7.3256
-4.3458 1.6599
-10.2943 6.4573
6.9411 -2.908
1.8273 -5.119
5.971 -6.2813
7.0908 -4.1682
0.393 -6.3031
1.8391 -9.6507
6.9429 -4.9147
7.7509 -5.9677
1.4411 -8.5247
-4.7868 0.8483
-4.0435 0.1831
-5.474 1.6403
8.2008 -4.2463
-9.1738 7.2238
-7.7034 6.6327
-5.1121 1.7868
-4.0753 2.2671
8.4023 -4.7118
-9.054 7.6307
7.1793 -3.2877
8.8981 -4.5278
1.267 -7.5159
0.8605 -6.6194
-8.2973 7.4404
-2.4673 -0.0894
3.4923 -8.21
-3.8122 1.1134
8.3735 -5.175
-2.4258 1.3486
7.8828 -5.6905
1.6761 -8.452
-10.2821 8.1894
-8.0569 7.8732
-8.2445 7.9974
7.989 -5.3616
0.5843 -8.2216
-8.5427 6.9787
-9.0082 7.6221
0.9997 -6.9069
1.1518 -7.5699
-5.3637 0.5976
7.5823 -5.6201
1.0829 -6.5629
-4.2634 3.6662
-9.8257 7.4746
-4.7534 1.347
0.1377 -6.3287
-5.4795 0.0186
7.9211 -6.4433
-10.9068 7.1882
-5.791 0.5266
-6.726 7.1236
0.6127 -5.8739
-4.5556 1.632
1.775 -5.7259
-8.4869 7.3714
-3.9968 1.1264
3.2419 -5.6698
-5.6193 -0.1554
-3.234 2.3955
-8.2544 8.3517
-9.2564 6.6389
-10.0835 9.0594
7.3946 -4.1991
-8.3644 8.2835
-8.5419 7.8085
-8.9498 8.5183
-6.5793 1.5569
-4.4615 1.5828
5.7924 -5.0641
-8.2954 6.8788
-7.9475 7.6256
7.1861 -4.4488
-9.3658 7.8813
-3.3743 -0.3248
-4.9567 -0.162
9.7447 -3.7128
6.2472 -5.8966
7.8679 -5.7768
-10.7321 6.8909
6.8207 -5.7658
1.4604 -6.4124
6.0001 -3.4115
7.4735 -4.9083
-4.9024 0.6089
-5.3915 2.1241
7.0505 -5.0321
-0.7227 -6.4441
7.7675 -4.8493
1.0734 -6.4694
-5.2519 1.861
-4.055 0.374
-2.5788 1.8896
-3.2792 1.7898
-4.3487 0.5845
8.2233 -4.2671
-9.4686 7.9741
7.9501 -3.968
4.6885 -5.1133
-3.1172 1.1788
-4.0098 2.966
1.4642 -6.3254
0.6074 -6.728
-8.7321 7.509
7.3808 -5.2171
0.4929 -7.5032
-6.6372 7.484
-7.271 8.5536
1.6035 -5.407
7.697 -5.7964
8.3038 -6.5918
0.2064 -8.9502
1.3294 -5.66
6.2591 -4.0824
-7.6518 9.5153
-3.8841 1.6083
-0.2255 -7.1762
7.246 -5.6253
-8.1849 6.3883
6.4144 -6.5106
-5.6743 1.2383
4.1271 -6.9448
0.896 -7.3948
6.476 -4.6656
-3.5264 1.975
-9.6572 7.0153
-4.8634 -0.3072
0.8316 -7.2544
1.7537 -7.5009
-7.6332 8.132
-8.4199 5.8672
-5.4174 0.2521
0.0693 -5.7205
1.2092 -8.014
-3.761 2.5273
-8.0479 8.3471
-10.7628 8.82
6.9397 -5.515
-3.0431 -0.6314
-4.818 2.423
7.1849 -6.0824
7.8079 -4.9102
7.1867 -4.6713
7.0749 -5.5833
-9.0371 7.0675
-1.7488 -5.7462
-8.9888 7.7655
0.4344 -8.6913
-4.0742 0.1457
2.3886 -8.8899
1.8838 -6.9593
-8.1901 8.0247
-6.7931 6.9761
8.3874 -4.2854
7.1617 -4.6059
-4.3509 2.4691
-9.819 8.4923
1.7266 -8.7734
-10.5489 7.8181
0.7611 -7.576
1.6218 -6.4983
-8.3185 7.8357
-8.9905 7.7555
-4.659 0.6416
0.9417 -5.2252
-4.3755 1.5513
1.7467 -7.5858
-7.3066 9.0211
-4.8047 2.2275
2.351 -7.7105
-8.5711 7.8828
-9.2626 9.0612
-0.3258 -9.2467
-0.112 -6.9342
-4.0977 1.0098
-7.5195 7.0751
-8.108 7.5133
8.9796 -4.032
1.1456 -6.2182
7.3536 -5.6837
-9.9259 9.2115
2.5059 -8.1053
1.4666 -6.6066
1.1047 -6.7759
-10.1446 7.1819
-3.7139 2.0514
1.3138 -9.8935
-3.3873 -0.008
1.8951 -7.6834
-8.2146 6.7893
-3.3216 1.3586
-8.9936 8.0457
-3.6943 0.5049
-4.9415 -0.5785
-4.2825 2.622
8.4714 -4.3706
0.4091 -6.3783
7.6585 -5.0405
-4.5806 1.6813
-9.1893 8.3666
0.2634 -7.8049
-6.9758 7.0323
7.9028 -7.6572
-4.8876 0.5079
-4.0313 -2.6008
-9.4605 6.1689
-5.0121 1.4079
-5.4511 2.0513
8.2392 -5.8472
7.1178 -4.6872
-4.8281 2.3359
6.226 -4.9296
-5.6198 2.1061
7.9363 -3.5752
1.0061 -8.1416
1.2464 -8.3996
-11.6701 6.2327
1.3669 -6.6889
-1.9618 -0.7772
-9.7061 5.4127
-3.5165 0.6283
6.4471 -6.8455
6.4595 -5.144
1.6733 -7.1998
9.0459 -5.0178
7.1071 -6.9114
-4.6629 2.3091
-8.9715 7.0947
-5.1548 1.324
8.295 -3.3083
-4.352 1.827
0.495 -7.1506
-8.2737 5.8704
3.0273 -5.5111
0.1803 -8.5367
-4.6372 2.601
-3.0764 0.8684
0.6997 -5.9819
1.525 -6.6016
-9.415 8.2775
-8.7752 7.7977
-9.4628 8.6122
-0.3927 -7.1456
-5.1471 -0.0102
-9.8158 8.1747
-0.0934 -7.8495
-4.1164 -0.0452
0.5981 -7.628
8.5549 -3.7732
6.0916 -3.6872
-4.075 2.2522
8.6675 -5.3428
-9.1779 6.9752
-6.6266 6.6357
-4.9395 1.3054
8.3026 -3.4614
-3.9167 2.0764
9.0221 -4.9941
8.0476 -4.9734
-4.9585 -0.1667
-9.8211 7.464
-4.8006 1.3754
-4.1657 2.548
-8.3932 8.3303
-8.1215 8.3689
6.6832 -6.3637
-3.6118 1.5339
-4.7721 1.9456
-6.0257 0.6093
-8.662 8.8922
8.7916 -4.7479
5.3094 -7.0642
-3.5932 0.3865
-8.0083 7.7443
-10.8611 9.3685
-4.8689 0.5784
2.1435 -8.7262
0.4704 -7.3595
1.3933 -7.3113
7.9609 -3.8125
7.0726 -5.3902
-3.8486 2.6325
1.6234 -7.2478
7.7493 -5.0543
-9.1445 6.2862
1.5033 -7.8879
7.5207 -3.8786
-3.2921 0.2861
-7.6109 7.4082
0.3412 -7.5863
5.2323 -3.877
8.0443 -4.9732
-4.3732 0.956
-2.9517 1.2009
-10.2616 7.8524
8.9522 -6.0155
-3.06 2.7391
-8.9618 5.6941
-4.2966 1.5508
-3.8101 1.868
-9.5613 7.5022
-8.3077 9.3196
0.7838 -7.0418
1.7469 -6.8485
7.1769 -4.9884
7.2673 -5.7661
2.376 -6.2977
-4.8865 1.9092
1.1861 -6.655
-3.562 1.4125
-6.2369 1.9538
-0.0199 -8.6513
-3.8475 1.2686
4.6389 -5.352
-9.1708 8.1289
-7.981 6.1765
-8.1542 8.1958
-4.035 1.4173
-3.4896 1.3173
7.306 -6.0561
-8.8891 6.5155
1.6407 -6.3564
0.7229 -8.2664
0.728 -6.0916
-8.7005 8.1397
-3.4146 2.1218
-4.4425 1.5419
-6.9653 8.0183
-0.6534 -8.0689
1.7714 -9.362
0.83 -6.8415
1.7597 -6.3494
7.161 -4.3141
-5.3925 0.4248
-7.7529 8.2947
-8.584 8.081
-3.0412 0.9895
6.6581 -5.027
-5.0667 1.8462
-4.337 1.5301
1.0504 -7.0147
-7.307 7.9133
1.2518 -7.7186
-8.5767 8.339
6.738 -6.339
-0.2732 -6.147
-9.7927 7.6725
0.1851 -6.8159
1.4036 -7.1892
2.0183 -8.2011
-8.4963 7.9803
-9.5424 6.2437
3.3457 -8.1679
5.6618 -5.9975
7.5091 -5.8669
7.6121 -5.3786
-9.5285 8.8447
-3.8753 0.8749
-4.7352 0.4674
6.8465 -5.1918
1.3926 -5.9664
-4.2886 2.4594
0.7261 -5.2492
-4.48 1.1468
-8.1289 7.931
-4.8048 -1.1589
6.9692 -3.7298
1.081 -6.6167
-8.1585 7.4953
-4.8412 0.3613
-9.8127 6.9719
1.3951 -7.3781
-3.4793 1.994
9.224 -6.181
-3.3762 0.076
8.8745 -4.4346
-4.0685 1.8388
-6.5738 6.74
6.7015 -5.1218
6.0863 -5.8273
1.8974 -7.5908
2.1169 -7.0883
-5.9283 1.2047
-3.1256 3.556
-7.76 7.127
7.0445 -5.4082
1.9182 -8.0304
-9.1016 6.0352
6.8759 -5.2435
1.2131 -7.0402
7.8153 -4.4123
-5.0922 0.5759
1.359 -7.9683
6.4946 -6.8565
-9.9153 6.7207
-5.9584 1.7675
1.2106 -7.3104
-5.3218 0.9667
0.2541 -6.4236
8.4551 -5.3316
0.5421 -7.9869
7.3171 -4.1777
7.4695 -4.482
0.3777 -9.1399
-8.1331 6.273
-4.1025 0.8514
1.0055 -9.0377
-3.7398 0.9883
6.0644 -3.1455
0.2788 -7.733
-3.0397 1.3215
8.1433 -3.8762
6.9188 -6.6651
7.1464 -4.2542
-7.9374 6.7655
-10.3931 8.7112
7.8158 -4.7711
-10.2745 6.3875
-4.0399 1.7776
