4.3973 -10.4005
-0.6489 -6.6504
-0.8917 2.1428
4.257 -10.9437
6.4124 -11.3878
-5.2245 9.4336
-7.5668 -0.3673
-2.3641 -9.5605
-0.2489 -5.8253
-1.2071 -4.1961
-1.2107 -8.4487
5.1546 -9.7956
-4.86 -2.9111
3.8899 -10.7224
2.1233 -5.079
-4.0343 9.382
6.9103 -11.0083
-8.402 -1.3295
9.4225 1.1726
-5.4874 9.3341
7.3084 1.964
-7.6877 -3.7946
9.596 1.4642
-9.9555 -1.234
4.091 -9.5033
-2.5155 -3.377
-8.6544 -5.7327
-4.1391 10.0303
7.6615 2.3231
-8.9799 -0.7718
7.996 4.7297
-9.493 -4.7128
-6.122 -1.9144
0.2623 1.4322
-1.7767 -8.2508
-10.6781 -2.7535
8.4209 2.632
8.1064 2.1979
-3.6608 8.543
-10.296 -3.3172
-4.7108 11.7771
-6.3526 -1.5288
-1.9163 -9.9388
-10.1331 -1.6562
-10.1746 -3.5243
-7.3497 8.9069
8.9102 3.2274
-11.3665 0.2264
-10.2403 -5.6697
-8.6577 -3.5114
-2.0221 2.1552
-3.5496 -10.0752
-2.8995 -10.3073
-8.5528 -3.054
-1.125 2.3894
-10.0797 -2.1742
0.6653 2.4106
-10.7024 -0.7619
0.1384 2.6369
-9.493 -2.1205
7.8572 2.8192
-8.1447 -2.2408
-7.2946 -3.7118
-8.5155 -5.4253
-6.725 -3.0067
10.3953 1.0621
-1.9001 -9.4661
-11.8627 -2.8605
6.1826 -11.5728
-1.7057 -8.8951
-2.9291 -8.8065
2.7496 2.6748
-4.1636 -8.0276
6.8266 -10.0058
-9.3935 -0.4511
-2.4115 -8.8367
-7.9869 -4.0081
-7.3124 -2.0337
-9.5422 -2.3205
-0.4444 -4.2809
-6.07 -1.6435
-9.2981 -1.4807
-8.7678 -5.1162
-9.9647 -1.3432
-3.7304 8.8306
-0.5426 1.9583
3.8819 -10.7028
-9.109 -1.7951
1.7008 2.912
-0.5438 2.5987
-9.9633 -0.401
-9.8634 -4.7002
3.7614 -9.9662
0.7297 -5.2187
9.6136 2.1485
-10.6 -6.1594
-7.3931 -1.8497
-10.558 -0.7278
-9.0986 -4.9935
0.1262 1.3408
-0.7354 2.2314
4.8023 -8.6525
-1.6321 -9.6401
0.2419 2.2544
-5.4624 9.5042
-9.6599 -3.1558
-3.806 9.665
4.427 -9.9974
-9.0743 -0.1708
-10.6233 -5.2239
-0.5437 -5.5736
-10.6832 -2.4068
4.8657 -9.0172
6.0056 -9.1794
-10.0761 -2.1475
-6.6134 -1.8429
-9.651 -4.6361
-0.3281 -6.1871
-10.445 -3.4279
-10.1818 -1.6205
-10.7032 -5.4743
5.4086 -8.4098
-10.6885 -3.7283
-7.3878 -1.3354
-2.4367 -8.9426
-1.3713 -8.2191
8.079 2.6736
6.1135 -9.2973
7.1568 1.9019
0.5085 -5.2164
-10.3247 -0.6466
-4.132 9.6687
-8.3374 -1.235
7.5445 -0.4367
-2.5366 -8.2298
3.7045 -11.6457
0.2404 2.5645
-10.6304 -2.6452
1.9035 2.475
-0.026 -5.4129
-9.5525 -3.0462
-11.4915 -5.3373
-0.6866 -10.3402
-4.1182 -10.5078
-10.3339 -2.7917
5.4083 -9.6307
-9.1426 -3.077
-0.396 -4.9533
6.396 -7.7237
-0.8508 1.894
-8.4474 -1.6572
-7.2814 -4.6919
-7.8148 -3.0755
-5.5511 11.1413
-0.3564 -5.6667
-0.6605 -5.5597
0.5042 2.7912
1.7225 1.9522
-3.143 -9.216
-2.2078 1.6511
-0.2752 3.7059
-4.528 8.2701
-9.0679 -1.2069
1.2911 2.8346
8.2966 0.397
2.2014 1.7629
0.1483 -4.8185
-8.8497 0.7778
0.6194 -2.6766
-9.2267 -2.55
0.8131 -3.9739
4.7996 -10.1032
-7.6249 -0.3911
4.5771 -10.4057
5.8396 -9.8902
5.0089 -9.8049
-12.3992 0.0185
-10.0117 0.3386
8.68 3.2167
-4.0614 11.4777
-1.9124 9.3303
8.4295 1.3318
-2.2065 -5.7887
-10.92 -3.3022
3.1855 -9.8462
10.1512 2.3071
-9.409 -0.9681
-10.7226 -0.0408
-5.0042 8.5705
3.7183 -10.5987
-0.4458 -6.0773
-5.3995 9.2794
-10.9308 -3.0899
-7.8715 -3.6839
-9.5652 0.1425
-0.6108 -5.8061
-9.6561 -1.421
-1.6564 -8.5226
0.1756 -4.0949
2.5523 -8.3828
7.9377 2.4795
-9.3006 0.1086
-4.2223 9.871
-5.5283 8.1551
-2.3353 -7.3576
0.7076 -4.6328
8.3158 3.1984
-9.9293 -0.0553
0.0087 -5.0826
-10.4434 -4.6025
-10.1108 -1.2003
4.5357 -8.9681
-8.2053 -1.3163
-2.1553 -9.3353
-11.1942 -0.991
-8.3361 -2.0452
-10.7447 -2.603
0.1705 2.9496
0.3025 -5.4698
6.5328 3.8197
-4.4109 -11.0051
-3.5691 10.5717
8.6935 3.0961
-6.6452 -0.6052
-9.6663 -3.8268
-3.6832 11.38
-9.5812 -0.4262
-4.2596 10.4964
-5.0793 10.5168
-8.6558 -4.9305
3.1001 -10.1377
4.9663 -8.8586
8.6315 1.8438
-4.7436 -2.9964
-3.5106 -8.5336
-3.8841 8.024
-10.0358 -1.1213
-5.4572 7.989
0.2127 1.6573
-1.7168 -7.5321
-0.0731 -4.6778
-3.1574 8.1338
-7.0758 -2.2161
-4.6409 10.6228
5.8209 -10.089
8.8909 1.3846
-1.4607 -8.6823
9.4345 3.3999
1.3709 2.5732
-8.9721 -3.0245
-8.9241 -0.9191
-9.949 0.3896
-7.9536 -1.9171
-9.7024 -4.6763
8.6022 1.701
-0.4862 -4.7151
-9.2436 -5.4078
1.4785 1.991
8.5188 2.5723
-4.6777 9.3186
-9.0168 -3.2034
6.958 3.0926
0.8007 0.4894
-6.9295 -1.4587
-0.1731 1.3853
-9.7352 -4.6759
-10.599 -2.6564
4.3428 -8.6061
9.9482 3.6557
0.3986 1.6633
1.1278 1.8584
0.5668 1.0803
-7.3845 -4.3804
5.919 -11.383
9.5919 0.6557
-0.3902 1.6802
7.5803 1.8621
-8.1871 -4.7186
-0.8462 1.8776
-0.0793 -4.1994
-9.2418 -1.5069
0.8002 -5.1693
-8.2665 -0.8674
4.0938 -9.2687
7.7764 1.4794
-9.1697 -0.3094
-10.9095 -1.8188
-2.2332 -8.93
0.3553 -5.2398
-6.9275 8.8402
0.2708 0.6683
1.7204 0.7038
-2.3328 -8.9205
4.9981 -10.4296
-11.4004 -0.3981
-10.9823 -0.9624
-1.0385 0.9329
-5.2026 8.5754
9.5697 1.9253
3.2537 -9.7265
-9.0493 -2.9993
0.0851 2.8229
5.6684 -11.5312
-0.7149 -4.4855
-11.1833 -3.465
7.9172 2.4472
8.1925 2.3246
4.2713 -9.2551
-11.1733 -1.2137
-9.2587 -1.7136
4.1339 -10.1791
-0.8095 -4.6054
-9.0731 -0.9577
-9.7039 -7.3396
-5.0031 9.9875
-4.0306 -10.5427
-8.4654 -4.698
7.8622 1.8859
0.66 -4.1282
-9.6152 -5.0266
-1.4055 1.6124
7.7 1.4037
-8.9259 -2.9897
-10.7666 -5.2791
3.4604 -8.6946
7.2791 2.4321
-10.2536 -4.9927
-11.8967 -3.5231
-1.2956 -6.5677
-1.2418 -7.1939
-8.8763 -2.7584
-1.4266 -6.3972
-9.3566 0.4294
-2.5798 8.8216
-9.2815 -0.6104
1.5122 -6.7369
-9.6708 -4.8653
0.5756 -7.1923
-4.2299 9.3166
-9.5613 -3.7515
-2.3806 -9.7314
-8.2545 -4.38
-3.5494 9.8716
-8.6015 -1.5102
-1.9503 9.0267
-4.3428 9.015
6.2984 -7.7806
-9.2659 -0.9213
1.6933 -6.7533
-9.1848 -1.137
-10.038 -2.6681
-8.2046 -4.0749
-7.1741 -3.0881
8.1315 1.6071
-0.0273 1.5007
-1.4561 -9.5707
-8.3888 -3.6952
7.5412 2.3557
-9.8304 -4.9141
-5.983 10.3224
7.6252 0.9869
-0.4172 0.0582
-2.1142 -9.774
-10.1618 -0.6461
-0.745 2.1979
-10.9568 -5.4936
-0.6091 -9.4956
-0.5912 -5.2722
-9.1892 -3.8601
-10.3884 -4.5982
-10.2862 -1.4544
-4.8804 10.7743
3.0284 -10.0717
-4.9667 10.5328
-7.7865 -2.5398
9.3517 2.9848
-0.4631 -4.8321
-9.273 -4.1156
-8.5469 -3.0184
8.0398 2.0815
-7.3552 -2.5905
-10.9659 -2.4323
-8.6369 -4.7828
-4.7106 10.4554
-5.9017 -2.6264
-8.8551 -4.339
-9.6501 -2.511
-6.3028 -1.552
-11.8232 -3.4793
-0.7792 3.7028
-0.3368 1.9857
-7.1735 -3.3538
1.0236 -6.0131
-8.1803 -2.1889
8.9413 1.4976
8.2032 2.3685
-10.7272 -4.3913
1.2123 -6.5091
8.9795 2.3226
-2.7107 -9.9938
5.0924 -11.9722
-6.2026 10.2792
1.2867 0.6139
-9.0364 -5.0461
1.5233 2.2053
9.8904 2.9817
-1.2945 -3.6085
-0.3219 5.2588
-6.8922 -1.8943
-10.5546 -4.0858
-6.5991 -2.2032
5.1107 -10.8044
-7.3087 -0.3085
-8.5238 -1.3246
-8.4765 -2.4203
-1.441 -5.558
-6.3575 -0.2495
-8.2962 -1.7478
-6.1689 8.189
-8.1274 -3.0448
-8.6198 -3.4608
0.732 2.1639
-9.871 -0.1015
-8.2239 -2.3588
-4.0206 10.1922
-3.8316 9.5826
-8.4086 -0.7928
-9.1554 -2.5793
-2.2644 -9.5329
-0.5525 -7.8256
-11.088 -0.1726
0.3181 0.7882
-3.5348 8.7273
-10.1408 -5.7147
-8.3474 -0.5031
-4.9603 10.3105
0.6752 1.8633
5.0331 -11.4841
9.4866 1.9734
-7.9793 -2.1799
-10.0487 -1.4563
5.9643 -10.6425
-4.7004 -9.0567
0.5546 -2.5756
-7.715 -2.4567
5.3346 -10.65
-10.2874 0.8673
-9.1911 -3.5417
-9.7601 -3.5194
-1.3207 -8.9964
-8.5543 -4.8525
-7.8157 -1.5562
0.8772 1.25
4.7919 -8.9304
-11.2876 -3.8625
8.0044 0.7078
5.6289 -10.2733
0.1435 1.5649
-8.9166 -4.8226
5.2736 -8.8171
-3.6697 -7.1422
8.5105 2.4527
-7.5619 -2.9998
-5.2355 10.6185
-8.0632 -2.5054
-5.6787 -2.4798
7.7749 1.0441
6.7435 2.0252
5.2051 -10.6496
-10.3798 -2.8433
-2.7147 9.5128
-3.5374 -8.6229
-10.573 -0.9934
3.3553 -9.1911
9.4305 2.0564
5.3912 -9.4103
-8.0453 -2.2359
9.0845 0.1536
-8.6115 0.2637
-7.5925 -3.8375
4.8626 -7.7674
-4.689 9.562
0.8336 1.7546
-6.4524 9.4004
-1.4806 -6.184
-8.8364 -1.0175
9.4095 2.3435
-8.8274 -3.3114
-10.3914 -5.4264
1.3939 3.2045
-10.1478 -4.7623
-3.7085 -10.1781
-8.0417 -2.1306
-8.5827 -2.0135
-8.8076 -3.606
-0.2602 2.2116
2.4905 -9.1401
-10.1714 -0.0001
-9.8533 -0.9284
9.929 2.9987
-6.0151 8.5447
-9.6941 -4.0698
-8.2148 -4.8311
6.5472 -8.8609
-2.4921 10.4883
0.2229 -5.5712
-9.5798 -2.1993
-0.8637 -6.4929
3.6079 -10.4135
0.3041 -4.8431
2.5839 -8.2063
-8.9107 -2.175
7.8286 1.6587
-2.5352 -9.2003
4.0918 -8.9737
-9.8863 -1.1613
-10.2321 -5.4743
-8.9682 -5.2767
9.1226 1.9086
-3.3955 10.1865
-11.8042 1.0976
-8.5152 -3.1626
3.9875 -10.5008
-9.8405 -4.7109
-11.2664 -2.3423
5.5673 -9.2082
-6.3378 -2.252
-9.8531 -1.0005
-7.1961 -2.3104
4.3687 -9.7472
-11.8969 -1.5084
-10.9093 -4.2933
-10.4219 -0.6723
0.7949 -5.914
-5.8212 -0.5864
-8.3136 -2.8152
-10.4876 -3.6362
-3.431 -10.3752
-8.4312 -2.2438
4.6567 -10.5858
-8.4774 -3.2771
-3.2476 10.4962
-8.3277 -3.7813
-4.9135 8.9167
-3.8221 10.8142
-8.9632 -1.5922
7.0083 0.6206
8.3706 -10.835
4.9833 -9.7838
6.2464 1.6016
-3.1604 -9.6702
1.0764 -4.0359
5.4808 -10.4902
-0.6778 -6.0879
8.2719 2.0752
-6.0283 -1.1931
-2.6927 -8.0246
2.5834 -5.6309
-8.5994 0.473
-0.0733 2.6438
-7.9671 -0.7822
-10.7341 -2.2508
-11.4308 -4.069
4.9203 -11.2283
-9.2367 -2.6282
9.4485 3.2945
-6.6437 -3.7215
5.931 -8.2098
-5.3331 9.9331
6.1523 -9.4624
-1.1918 -7.3342
-0.1583 -5.8455
-8.2786 -0.2521
-8.2307 -3.1676
-2.1058 -8.9335
-0.0403 -5.8998
5.81 -8.1606
-9.5139 -3.5102
-6.835 -4.0145
-9.2089 -3.7998
-2.9102 -8.6589
7.6285 3.2025
-8.5223 -1.9075
-10.0064 -0.3643
-0.5965 -3.4603
4.008 -9.1314
-11.1866 -3.4196
-8.5881 -1.45
-11.2958 -1.9965
-4.063 10.8856
-7.9153 -2.9886
-6.6698 -0.7658
0.6045 2.5762
5.4769 -11.268
-9.9481 -2.7669
6.3354 -8.6027
6.8485 -9.6419
-6.4901 -1.5734
-9.9099 -1.9101
-10.4153 -3.6806
-10.1211 -3.5301
8.193 0.7774
-9.9695 -0.753
-10.0661 -1.6614
-5.2054 10.4256
-5.0614 9.268
-0.0535 2.5582
-1.241 0.9093
4.742 -10.6916
0.3123 0.9707
0.7374 -4.5068
6.7996 -8.0092
-0.6736 -5.3013
-4.0138 8.2711
-9.3498 -3.1103
-0.9772 -8.686
-10.2879 -1.1261
0.3111 0.7447
0.1494 -4.6324
-1.9654 -8.3989
1.6064 3.4672
-7.0491 -1.495
-9.7227 -2.8672
5.8388 -9.0385
-0.1562 1.0907
-11.1091 -4.922
3.568 -9.1624
5.6218 -9.1053
9.0743 1.9323
10.974 2.5277
4.0151 -9.5259
-8.5941 -0.4846
-4.2226 9.7675
-6.2722 -2.9196
4.2291 -12.0666
-6.7367 -2.0286
-10.6044 -4.1707
-7.3419 -2.9666
-2.4852 -6.3394
8.4428 1.5704
0.3218 4.0426
-10.2919 -0.2638
-10.2179 -0.9895
-4.2401 -10.3581
-4.7511 10.092
-7.9058 -0.9065
-6.5824 -3.9601
-3.4181 10.9911
8.1319 0.9385
-4.4615 9.3834
-0.6555 -9.9744
-3.2901 10.2485
-6.5446 -1.4535
-1.2183 -6.7453
0.4796 -4.1821
-8.086 8.9202
-0.6457 -4.3763
-9.1602 -5.7077
-1.6863 -9.6317
-0.9133 2.0457
8.3864 1.629
0.117 -6.8927
-4.1036 9.5113
7.6875 0.9533
-6.6588 -3.3279
-10.1915 -2.3355
-8.741 -3.2343
-2.591 11.6301
-7.5007 -2.7049
-7.1472 -2.4753
-9.5499 -6.0931
-1.9477 -5.7403
-8.8928 -1.8397
-10.0449 -0.8151
1.2221 2.0462
8.6547 1.6756
-10.1455 -2.9449
-7.6286 -2.0885
-10.8714 -3.9031
-2.7302 -7.7043
-0.9701 1.7815
5.4677 -10.6821
5.0656 -9.5921
-3.5438 1.4032
-4.8591 10.8957
9.0489 -0.2256
0.7648 3.0213
-8.389 -5.5192
-5.4686 9.2045
7.7068 3.3043
-9.1346 -3.7343
-10.4967 -0.2581
-0.4823 0.7326
-9.0532 -0.9034
0.9774 0.618
0.6058 0.8915
-8.2805 -1.4146
-7.8265 -2.2807
-9.2373 -2.6305
8.8154 2.1201
-9.5521 -1.4231
-1.9187 -7.6166
1.643 3.1856
-9.1944 -2.2821
3.2417 -6.7164
-8.2121 -1.0933
0.1719 3.1562
7.9212 2.9532
-10.5333 -6.0918
-8.0704 -2.9242
-9.5645 -1.8199
-5.687 10.1384
9.2586 3.2488
-3.2487 -9.0978
-9.3303 -2.5922
-10.4849 -0.3988
-7.7677 -1.9448
-5.0994 9.5367
-9.5125 -6.5265
-4.2843 8.9104
-11.119 -4.5193
8.5062 3.4147
7.6268 2.3739
0.4002 -4.7523
-0.3098 1.0504
-1.8094 -5.8605
-10.2111 -2.4578
-4.6035 8.8063
-0.0107 -4.8423
-11.4736 -4.2545
-0.0768 -3.5475
-0.6492 2.135
-6.549 -1.966
-0.8453 2.0014
8.6915 1.6307
0.2995 -5.9216
-8.346 -1.8412
3.3335 -10.1823
-1.0059 -5.0151
-9.6827 -1.9807
-9.1687 -2.862
-10.4942 -0.1129
-8.2252 -1.9465
-3.7817 -7.4396
6.0105 2.947
-7.0214 -2.9047
0.4072 2.3111
-2.4225 -10.4051
-10.8638 -2.2345
-3.5161 11.153
6.1746 -10.7891
-2.9271 -8.9603
-9.1679 -1.0467
-0.0059 -4.098
-1.2876 -10.7253
-0.1137 -6.4653
-6.0851 10.9531
-9.9686 -1.0833
-8.6753 -3.3782
-0.3239 -5.2407
-1.5334 -4.7616
-7.3655 -1.7061
-4.3193 10.1992
-8.2141 -4.4512
-10.8876 -0.2457
1.8559 2.1701
-0.1679 -5.1026
-6.4579 -3.7589
2.5147 -8.5298
-10.9795 -1.1229
-3.4762 11.1501
-4.2603 -9.7983
9.2558 2.2353
4.1588 -8.1656
-13.0254 -4.6948
-7.442 -0.6483
-2.9909 10.7133
-10.8818 -2.0301
-9.5297 -1.4288
-7.1473 -1.885
-7.4606 -3.7828
-8.7989 -1.2803
-3.9843 -10.3852
-10.8037 -0.5698
-5.2786 -3.3728
-6.3796 9.4062
-8.2735 -1.5369
-2.8678 -10.1281
1.1466 -5.7287
-10.3477 -3.3298
-1.6421 -8.5861
1.5114 -4.9015
-8.9214 -5.1797
-5.8835 -3.3604
0.3479 -4.7676
4.7124 -10.3965
-0.8786 -5.4207
-4.8729 9.7951
-3.99 10.4097
0.0965 3.4824
-7.5338 -3.4282
-9.5994 -1.0669
-9.7894 -4.0856
-3.6204 -8.817
-9.4104 -0.3612
-2.8734 -7.9865
8.5825 2.6442
-5.7434 9.095
-1.2176 4.1646
-2.6478 -9.8745
-10.0213 -3.7092
-1.7155 -4.7088
-9.5774 -4.5013
-10.1244 -0.9078
-0.9928 -7.911
1.458 -3.9052
-0.521 1.6976
-9.3218 -1.9263
-9.0074 -1.434
4.294 -9.6236
-9.5327 -3.8147
-0.4663 0.1549
-10.8163 -4.2251
-10.3143 -4.767
0.6457 -5.3615
-7.1339 -4.8613
-3.0167 -9.1036
-9.3227 -1.9808
-7.1388 -0.8288
-3.6356 11.443
-3.8031 -10.0427
-0.0524 2.3928
-9.9684 -1.8245
0.6308 1.7783
-0.6601 -5.2541
6.1902 -10.901
8.9158 0.0165
-9.9162 -0.2225
-0.218 2.2154
9.005 2.5662
-1.3015 -9.6283
-1.2788 2.2467
5.5524 -8.3901
-6.2548 10.1614
-1.5804 1.6786
7.9104 0.3717
7.0504 -8.8389
0.1638 -5.0472
-6.5778 7.919
-9.8819 -5.0784
-9.4518 -2.5737
-9.7631 -0.3234
-7.4725 -4.692
0.2557 1.3704
-7.1097 -1.6563
0.1651 -6.0701
-1.4292 -9.9557
-3.6515 -7.8983
0.4326 -5.5314
-2.1033 -6.73
-4.0962 9.179
-5.232 -0.5549
-9.2368 -4.1662
-7.0133 -1.9501
7.1971 1.239
-0.0528 1.3898
-8.6782 -1.598
-8.1563 -2.0645
0.0607 2.7651
-1.6513 -8.836
7.9518 2.433
7.4162 2.1161
2.4932 -4.4584
-8.4024 -3.9326
-1.1383 -8.469
-10.2604 -0.9426
-10.5218 -6.2325
-6.6917 -3.1267
9.8157 2.6885
0.4559 2.4184
-5.0802 9.0253
-9.1482 0.8089
0.9016 2.2262
-8.7723 -0.7376
7.5386 -8.9826
7.439 1.1845
-0.3527 2.1097
-0.5506 -4.8614
-6.1807 -0.7538
-4.5396 9.2598
-10.9313 -3.1939
-4.1002 -8.7456
-9.0616 -1.8762
-7.4241 -2.7494
9.2137 1.8921
-7.4241 -1.9404
-1.8685 -4.3655
-9.4617 -1.1142
-5.7423 9.7222
-8.4779 -5.1195
-10.1639 -1.5562
-1.5548 -6.3059
11.1344 0.4223
0.3066 -5.5922
-2.3258 -8.4729
1.2528 -4.1206
-4.2398 9.1658
-5.1223 8.4973
4.6101 -11.279
-2.6421 -8.4454
0.7567 -5.742
8.4971 0.4819
1.1384 1.5931
-7.3669 -3.4776
-9.512 -2.6234
-0.082 0.9383
7.553 1.5124
-2.8864 -5.8588
7.2021 -9.5877
-6.8999 -2.9346
-9.3142 0.489
-0.2773 -6.84
0.7756 4.725
-2.14 -8.0462
-5.8402 9.4357
-7.7123 -1.5985
-2.4231 -9.3415
-8.9908 -1.3908
-5.9367 9.1109
-2.0341 -9.9579
-3.2311 -8.9794
-3.0148 -8.6933
-2.6514 -9.94
-8.9083 0.8788
-9.5548 -2.3443
-4.6347 -8.009
0.2058 -6.3776
-1.3422 -8.5577
-5.6555 10.008
-6.5569 -1.9156
-9.7725 0.5
-6.9313 -2.9848
0.9022 0.5266
-4.3628 10.5674
-9.4368 1.5718
-1.4397 -7.8365
7.7897 2.6628
-10.5142 -0.6439
0.1448 1.6299
-1.0312 -6.8807
-4.4383 -10.7819
-2.3133 -10.3922
-0.049 -5.1539
-8.6993 -1.6942
-8.8304 -1.0769
-8.234 -1.9169
-8.832 -2.413
-2.5403 -8.6067
3.5073 -9.2619
-6.3669 -2.0124
-2.6663 -6.61
-0.1074 -4.8395
-1.4684 -4.2861
-10.6171 -3.993
-9.9056 -0.2182
-9.2691 -1.6089
-11.4872 -5.1463
-7.6802 9.8527
-4.5319 8.5254
8.8088 1.1002
-2.0308 -6.6101
-3.1388 -9.0822
-0.3087 0.436
-2.3854 -9.7162
-8.9756 -6.8778
-9.5326 -2.2291
5.4008 -9.1786
10.2822 1.0935
-8.7181 -6.5731
9.8068 1.4643
-9.0031 -4.563
-8.0153 -2.3863
-3.8592 9.7314
0.9305 -5.4935
4.7212 -10.0062
-9.8801 -1.8713
-9.1891 -3.7047
5.4293 -10.0407
-9.4919 -0.4767
-11.3061 -4.3736
-7.1524 -0.4374
-0.9674 -9.5557
0.0339 1.2283
-1.6698 -11.5598
9.6708 2.0941
-2.0837 -8.1405
-7.9268 -0.9052
-8.0058 -0.2064
8.9478 3.4524
3.3179 -11.08
