6.8265 -7.3088
-4.9815 2.8233
-3.4614 11.1464
-5.7809 1.5616
7.4609 -8.4207
-6.4286 -8.8529
6.8272 -9.6081
6.0063 -9.3669
8.8117 -9.6709
-3.0468 8.2094
8.6082 -9.801
-7.3082 -7.6363
6.9458 -10.0117
-5.7428 1.2364
-3.5183 9.7151
6.6588 -10.0655
6.4539 -8.8482
-1.3758 9.7133
-6.9612 -7.0848
8.4425 -8.9978
-7.9372 -9.4093
-5.6804 3.6502
-5.0384 2.2677
7.9095 -10.0665
-2.8442 9.9521
-4.4914 3.505
-8.8014 -8.6691
-2.8216 8.4927
-8.4013 -7.6663
-3.9245 11.6594
-2.9414 7.0208
-5.2358 7.8869
6.6205 -10.4633
-4.2038 3.2427
8.3202 -10.1258
-8.067 -8.371
-3.019 9.021
8.0753 -8.4946
7.5543 -9.013
-5.9942 3.257
-3.4802 8.9968
9.2547 -10.1077
6.915 -9.1207
-5.3382 1.2724
6.7073 -8.4173
-8.9354 -9.3005
-5.147 2.6872
8.2189 -10.2777
-8.5755 -8.6878
-3.0925 10.2345
-4.474 10.2816
-2.9041 2.3601
-6.5686 -10.0791
-6.3023 2.562
-1.6349 10.0982
-6.2719 -5.237
7.719 -7.9745
-1.1227 9.8946
-9.205 -8.9301
-4.9383 3.0707
8.8451 -10.9078
-4.8924 10.4911
-6.6273 1.8938
-8.8156 -7.8695
-2.2518 9.324
-5.5653 3.6047
-5.5786 2.9382
-7.8661 -8.829
-7.0363 3.1413
-4.5429 2.877
-6.9254 3.1194
-7.6739 -8.1488
-6.56 0.9474
-8.6518 -10.0229
6.024 -8.2827
7.1636 -9.3278
-2.429 10.091
6.1818 -9.4412
-7.6692 -8.139
-2.6313 9.2901
-2.6873 11.2749
-5.4831 2.8784
-3.6241 2.8048
6.9944 -9.8203
7.6959 -8.1407
-4.6305 2.4892
-4.104 12.0758
6.8584 -10.7824
-5.0518 1.8626
-7.2959 -10.8017
-6.2532 -6.8278
-4.0266 8.1355
-9.8134 -9.3921
-7.5372 2.2479
-2.6818 9.4541
8.7811 -10.246
8.394 -9.2827
-4.634 2.3286
-5.3876 4.6135
6.7175 -9.5425
-3.896 7.2036
-8.1891 -8.233
8.3403 -8.547
-4.3856 1.743
7.6645 -7.8079
-4.1862 8.9022
7.7345 -9.5284
-6.4623 3.3948
-5.0545 3.2186
-6.2975 2.5445
6.3866 -7.3631
-8.096 -7.6928
8.3811 -10.0848
-5.3635 1.8189
-8.8806 -7.6132
-4.1307 8.9488
-1.3742 8.1438
-2.8387 11.5531
-3.787 9.0381
-6.1558 1.4916
-4.3541 2.5325
6.7291 -10.3507
7.5701 -10.3141
8.6923 -9.2894
-8.2798 -7.6951
-3.2781 10.0732
-3.5911 9.2358
-5.0841 1.5138
-7.2688 3.4518
-5.2496 1.7514
-5.5394 3.7817
8.4511 -8.8661
-6.9995 -7.871
-3.0107 9.0162
-7.1572 -9.6602
-4.1791 9.6235
8.534 -11.8561
6.5279 -8.9718
8.1934 -9.1097
7.7619 -9.2983
-3.5372 10.2076
-1.8053 10.0555
-2.5595 9.3413
-4.9684 3.5695
8.4806 -9.1407
-7.9447 -7.5118
-3.5156 9.5247
-0.1595 10.3375
-9.5648 -7.9267
-4.8579 3.1671
8.0759 -9.9216
-4.3006 9.4648
-5.8756 0.7704
9.7781 -9.3163
-4.9885 3.0052
-7.2108 -9.1608
7.4281 -10.5763
-7.9813 -10.2147
-9.4881 -8.248
6.5084 -8.2437
-4.8376 3.1609
-7.3642 -8.4954
-3.5148 8.5216
-1.866 9.372
9.4925 -10.124
8.4767 -7.9343
-2.9152 9.7807
-2.7962 7.914
-4.4992 2.7201
8.2809 -8.188
-8.4353 -8.4754
-7.9397 -6.9381
-2.796 9.4086
-3.7188 9.2243
8.5349 -9.2586
-9.8712 -8.9554
-8.9917 -8.0782
-5.8473 1.8086
-4.3232 4.227
-4.4347 1.155
-3.5461 2.147
-3.4416 8.5796
-3.2687 9.5971
-3.2476 11.087
-8.6383 -7.3327
-8.3222 -7.9883
-3.1378 9.1886
-5.7175 3.6109
7.819 -9.5468
-7.0939 -9.735
-8.5497 -10.1416
-6.0419 3.0815
-7.7322 -7.8441
-2.507 8.8514
-4.8794 2.8111
7.9315 -9.5826
-4.2483 2.8948
-2.6359 9.0187
6.7446 -9.6988
-7.6621 -10.6823
7.6714 -8.7547
-8.5696 -8.2887
6.229 -10.4801
-7.0373 -7.6832
-7.4379 -8.7815
-2.4392 11.3384
-8.2235 -8.0463
7.3278 -9.1901
-6.4282 2.7623
-9.9088 -8.7774
-7.281 -6.6092
-6.855 3.2691
-9.6475 -7.3084
8.8288 -9.4226
6.6157 -9.0326
7.5489 -6.749
-8.4955 -10.2008
-8.5635 -8.3469
6.1352 -10.4467
-9.1045 -6.574
-3.0827 10.6265
-3.2856 7.6946
-4.1426 9.332
-2.6557 8.9127
-8.3709 -7.5255
7.4948 -8.6318
-3.2683 10.1827
-3.77 8.9568
-2.8942 10.263
-2.2947 8.3805
-8.3256 -8.4855
7.7109 -7.1771
8.0796 -8.5817
-8.0993 -9.5955
-6.6887 -7.5683
-5.6455 3.9747
7.3548 -9.4817
8.1614 -10.7502
-5.3957 2.5048
-5.5822 3.9223
-6.713 -10.4909
-6.4426 1.5135
-9.4637 -8.6557
8.6944 -9.4628
-7.0158 -9.3449
-1.559 8.9706
-8.9928 -8.4664
-3.0099 7.4685
9.9162 -9.843
-3.3836 7.8179
-5.6728 -8.3534
6.4844 -10.644
7.0342 -9.9325
-8.4973 -8.3901
-8.6257 -9.0494
-7.2333 -9.2395
-6.9667 -7.3212
8.7015 -9.9576
8.581 -9.6012
-1.6679 9.8936
8.1214 -8.8373
-3.4906 1.6157
-4.654 1.2957
9.2214 -8.1414
-5.0207 2.2429
-2.629 11.3678
-8.3598 -9.0235
-1.8337 9.3858
-4.8897 2.1019
-5.703 -6.6534
-3.1295 2.8378
-8.5833 -8.4124
-8.563 -7.9164
-2.8599 9.3888
6.4855 -9.9566
7.673 -10.9179
-6.1294 -9.5068
-4.9089 12.7736
-7.8343 -7.0449
-2.7906 9.8514
-6.5113 2.8484
-8.3823 -6.8796
-4.7597 2.8197
9.7305 -10.1664
-3.7985 10.1068
5.8919 -9.4807
9.8632 -9.1894
6.1864 -10.8284
-3.0249 8.7129
7.2678 -8.739
7.7044 -8.4448
-9.9153 -8.8465
-8.0836 -10.309
-8.629 -9.3883
-7.9646 -8.1559
-4.0169 4.042
-6.499 3.0941
9.5162 -9.1591
-8.4087 -8.9721
-3.4583 8.9957
7.7159 -9.7856
-2.2385 8.0074
-6.6024 -8.513
-2.8302 8.5019
-3.1959 10.0037
-5.1675 2.0668
-5.5529 2.0308
-6.053 2.6828
-7.3676 1.8797
-8.3742 -9.5666
-3.612 8.5741
-4.0875 11.5575
-4.1576 9.0004
-8.1746 -9.1255
-4.8977 3.0781
-5.3413 3.1113
-8.1759 -8.6524
-8.0466 -8.0961
-6.0625 0.6103
7.226 -9.5822
-7.101 -9.0266
-3.4342 9.7107
6.5183 -9.7966
-2.4741 10.2338
-3.7158 3.1323
-5.7274 1.7084
6.6268 -10.3549
-7.5915 -8.5051
-3.0294 9.818
-2.2826 10.6558
-2.2512 10.4138
-9.2924 -8.8032
-7.0632 -8.4817
-6.8283 -8.4289
-3.4398 8.367
-7.5164 -8.0199
-4.4541 2.623
-6.8104 -8.8273
7.2526 -8.5577
-2.1167 9.3149
6.6457 -7.7378
-4.4257 3.6728
-6.1181 4.1654
-6.2918 3.45
-5.8903 -10.2338
-3.1699 10.0437
-2.6936 11.141
-3.2863 10.7361
-3.1332 9.1485
-7.1002 -7.5421
-2.7994 10.3881
-5.6205 4.4335
7.5988 -10.0885
7.6512 -9.7379
-1.2165 10.2568
-3.097 9.8432
-4.7868 2.1334
-2.008 9.5228
-0.9931 11.3115
-2.372 10.3126
-1.1445 9.1901
-9.0672 -8.862
-8.2638 -7.742
-2.6813 9.1356
-7.2041 -8.1623
-8.5643 -7.3355
7.4119 -9.0671
-7.0067 -8.1604
-3.5581 8.3943
-4.9741 8.819
8.2349 -10.2167
7.5465 -9.6278
5.1532 -10.308
-4.5794 1.4146
-5.0773 3.3333
9.1889 -9.2483
-5.426 2.2597
-8.9517 -8.8211
-8.6953 -7.7046
5.985 -9.5651
6.7105 -10.8052
-5.771 2.7058
-3.5018 9.4287
-1.9234 10.2754
-3.2804 8.3216
7.8431 -9.5963
-5.6405 2.9163
-7.639 -8.4723
-2.6491 9.8881
6.7249 -8.6339
-6.7134 2.3818
-7.8951 -5.1639
6.9354 -8.2598
7.0486 -10.2161
7.869 -9.9887
-7.1975 -9.2948
-4.9589 3.9157
-6.0627 3.5006
-9.019 -8.9199
-6.9686 3.2676
-6.3289 3.2017
-2.7535 9.3263
-4.7127 3.0403
-6.4565 -6.9759
-7.8922 -8.873
8.5023 -9.4274
-5.2424 -6.363
-4.3629 2.979
-6.2625 -6.8747
-8.657 -8.2035
-2.0945 10.1121
-8.2955 -8.7298
-4.6177 3.2679
-7.9086 -8.7957
-8.4979 -8.2246
-6.5329 2.8863
-2.5436 8.8549
-8.1028 -8.3548
-2.3406 10.4262
9.7229 -8.5709
-2.0022 9.7291
-3.4829 8.9059
-4.5495 4.4057
7.413 -8.7958
-4.3103 1.7865
-1.2685 8.2548
7.5 -9.2643
-5.7274 0.6856
8.0001 -8.301
-9.7754 -6.9731
-3.3503 1.9607
-5.2253 0.9549
-2.6952 10.304
-7.4631 1.9375
6.8293 -9.4845
-1.3011 10.7647
-1.0798 8.6203
-5.9944 4.9047
7.8081 -8.3937
-5.2785 1.1039
-7.7481 -7.959
6.9785 -9.0283
6.8271 -10.244
6.1806 -10.1868
-6.5668 -8.5777
-3.7191 9.361
-5.2918 2.089
-2.147 10.9824
-3.568 10.429
5.8737 -10.1019
6.8832 -8.0784
-8.6701 -8.1981
-4.4968 0.2899
-5.2718 3.7449
-8.3336 -8.9751
-7.0598 -8.6615
-7.1001 -9.5493
5.9995 -10.8193
-2.1335 10.7077
-8.8124 -8.2111
-1.2727 10.5653
-7.7234 -7.6957
7.2569 -10.2864
8.2246 -8.7391
-2.4 11.3678
-6.9945 2.3152
-10.5419 -9.3097
-8.2424 -7.5725
8.9524 -7.7952
7.9462 -9.6479
-6.7364 -9.2658
-3.6938 9.5319
-6.8864 -7.3676
-2.2305 10.4245
-6.4908 2.0262
-9.7747 -9.4498
7.2805 -7.7443
7.3284 -9.0559
-4.3513 10.4144
-3.2875 8.5276
-3.6628 10.7155
-5.713 2.7702
-5.9817 3.5909
-10.035 -7.7685
-2.8071 7.4933
7.241 -10.5817
-3.8035 8.9659
-7.5021 -7.9507
8.3918 -9.5369
-7.2051 -8.2333
8.811 -8.8865
-4.3746 2.0553
-5.0566 3.5006
7.642 -9.3933
-2.872 10.9806
-3.001 8.4171
-8.6502 -8.4751
-5.634 0.3021
-6.4721 3.519
-5.1213 -0.1442
-8.2114 -8.6189
8.121 -7.6777
6.9142 -8.9043
-7.6304 -9.2265
-7.0873 -7.9293
-7.9181 -8.349
-5.0935 1.0559
-3.9641 8.3085
8.6191 -9.4234
-2.6334 9.758
-3.1034 8.5049
-3.8304 8.0547
-6.7668 -6.4527
7.2323 -11.1257
-9.1132 -8.6379
-2.7795 10.6357
-5.0779 3.8876
-8.2629 -7.2325
8.6206 -9.2676
-6.5434 -10.2316
-5.894 1.1767
-5.7934 3.6011
6.0632 -10.2836
-5.3223 3.2801
6.9456 -9.4945
7.0212 -8.4928
-5.768 2.4101
-2.1882 9.9766
5.6623 -9.0391
-7.0528 -7.4835
-5.8182 2.693
-6.0279 1.6308
-5.2823 0.61
-9.0876 -8.8952
-5.7615 2.7878
-6.013 -9.8509
7.7397 -9.5645
7.5789 -9.1702
-3.6304 9.5796
-3.2977 9.2716
7.5384 -9.6518
-3.6353 9.3615
-7.059 1.9586
-7.7982 -7.9785
-5.3244 2.5125
-8.0738 -9.0853
-6.2004 2.2286
7.9152 -10.6447
-3.4063 10.757
-2.1193 9.3459
8.7152 -8.6593
-5.7449 4.0803
-5.1254 8.3231
7.5936 -9.4405
-2.229 11.0704
-8.8699 -10.4422
-7.7831 -8.1448
-5.8867 3.439
-5.0282 3.3492
5.7225 -9.4857
7.1783 -10.3902
-1.2091 10.5899
-8.4582 -7.1017
-7.3127 -9.2484
-8.1616 -8.1487
8.6806 -8.2722
-2.8733 7.4104
-3.5871 9.7744
-8.2348 -8.889
-9.7905 -8.1552
-6.1771 1.7173
-3.8764 9.7924
-7.8805 -8.5331
-6.0876 3.6346
-8.7765 -7.323
-4.9263 3.2632
-3.3716 9.1204
-7.5089 -9.2123
-3.9734 1.0118
-5.9853 2.6698
7.0569 -8.3232
-9.4021 -7.7924
-2.3067 10.083
-9.3023 -8.858
-4.0868 2.734
-1.2407 9.312
-4.3639 9.2519
-5.5646 2.8655
-8.0263 -8.2525
-6.9186 3.6819
-4.1349 3.2983
8.187 -9.2696
7.6695 -8.96
-8.7678 -7.1129
-2.6804 9.9176
-4.1214 9.8138
6.8861 -7.7824
7.1028 -11.4019
-7.7209 -9.5086
-4.6029 10.0764
-9.1513 -9.0301
-5.4302 5.3624
-7.6736 -8.5878
-3.1242 10.2044
-6.6497 1.8878
-6.3536 2.2119
-7.6655 -9.4267
-5.3739 2.4798
-5.6266 10.5156
-3.0473 9.3577
-6.2241 3.1793
9.3509 -9.3283
7.4378 -8.6467
-7.4616 -8.938
-3.4124 10.9888
-6.2547 1.5093
8.6776 -10.1308
6.3754 -8.6577
-4.9785 2.2317
-1.6764 8.599
-2.0346 10.0302
7.4598 -7.4309
5.3939 -10.0746
-1.2109 9.3883
-5.6687 2.77
-3.9872 1.9783
-3.5273 6.7385
6.1033 -9.8019
-3.1525 8.903
8.4686 -10.2527
-9.4523 -7.4489
-7.3702 -8.0292
-5.1787 3.2171
7.2215 -9.4861
-1.547 9.1932
6.7548 -9.7497
-2.0265 9.2501
7.7514 -9.876
-1.1319 8.8831
5.7466 -10.4775
-6.3688 2.4623
-1.8747 9.4873
-2.9882 8.2804
8.5728 -8.1258
-3.6402 9.2511
-5.9709 1.1722
-5.9385 -8.2504
-6.3239 2.4071
7.3192 -9.1376
-0.4005 8.1589
7.1042 -8.4425
-4.3896 10.3144
-2.9337 9.6298
-3.3922 8.0726
-1.5133 8.937
-5.8715 3.3561
7.1141 -8.7002
-8.0546 -8.2826
-4.1795 2.0487
8.2103 -10.2883
7.912 -9.598
-6.672 -9.5134
-8.432 -8.7402
6.1247 -11.506
-8.8065 -8.1741
-8.9656 -6.9387
8.8015 -7.8102
-3.3523 8.7042
-5.1336 1.7166
-4.8241 8.8282
-2.8626 8.7054
6.9516 -8.9265
6.5686 -9.2235
9.0453 -8.8429
-9.0125 -7.4403
8.6012 -8.2176
-7.2588 -4.956
-8.4397 -8.6294
-5.3046 1.7454
-1.6782 8.2329
-2.8442 7.9556
5.9942 -9.6263
-0.3298 10.297
8.8921 -8.7446
-5.8981 1.2552
-6.3934 1.4796
-5.4415 1.4504
-5.3427 1.1656
7.4258 -11.1076
-5.0635 3.7495
-7.7525 -7.8097
-2.2232 8.9415
8.1429 -10.4829
-7.3961 -8.8654
-3.7998 10.1774
-7.5396 -8.1759
7.8818 -9.0216
-7.8958 -7.9916
-6.1474 2.7764
-2.894 8.2371
-10.0463 -8.6289
-3.0405 10.1625
-4.5525 2.689
-5.3219 2.4489
9.4094 -9.0222
-8.8084 -8.6101
-5.4192 2.621
-7.2906 1.4851
-4.3129 8.5299
-6.4691 -7.9878
-5.3546 1.1036
-2.6846 8.8933
-5.4006 2.4761
-8.1001 -10.7756
-7.3654 -8.3068
-4.8461 3.1955
-2.1456 9.7604
-2.3137 8.8795
-2.9107 10.1585
-4.8713 0.9412
-2.4263 9.0066
-8.097 -8.0327
-3.0419 9.0559
-8.799 -8.5247
-7.5336 -6.8662
-3.6872 1.7193
7.1626 -9.3159
-3.7203 2.1096
-2.0877 9.3763
7.7262 -9.7673
-1.939 9.9299
-3.8156 10.8498
5.8875 -7.5024
-5.9153 0.7433
-6.6589 -7.002
-5.0794 1.879
-5.7831 1.384
-2.5453 9.3013
-9.784 -9.6089
-5.8652 3.035
-5.9121 2.0668
-8.1956 -8.4465
8.3117 -7.6905
-2.0762 9.376
-7.2344 -6.0628
6.8622 -8.1456
-6.2437 3.6672
-5.9562 -7.2853
5.0302 -9.3909
6.1156 -10.3507
6.3685 -9.5531
-9.2373 -7.7804
7.3278 -9.5782
7.6565 -7.8234
-2.3096 9.9382
7.1091 -8.8071
-7.4961 3.0496
8.6498 -9.2672
-7.7412 -7.7524
8.3387 -8.6925
-8.102 -7.5702
-9.2896 -9.6792
-3.6875 0.5116
8.8471 -8.378
-5.939 2.3899
-2.1136 10.9985
-4.6215 3.1341
-4.8197 3.5825
-8.1727 -7.5636
-6.3586 2.5679
-6.5278 2.3345
-4.665 1.7273
-5.0607 -7.7195
-2.5016 10.5715
-5.4882 2.3166
-10.1662 -6.798
-5.3953 9.9651
-4.2309 1.843
8.0011 -8.2962
-6.7035 -8.3068
7.2991 -9.7923
-6.8377 3.2394
-8.2196 -8.2526
-4.377 8.017
-6.8928 -8.784
-3.3322 1.4921
-3.4278 9.2745
-4.5954 8.9193
-4.3001 9.9469
-7.667 -7.4034
-8.8253 -8.3218
-3.0346 9.3047
7.8357 -8.0097
-5.2347 4.1639
-8.5408 -6.3312
-5.7814 3.3698
-2.3251 10.1153
-6.629 1.8408
6.9651 -9.3596
-0.5709 9.1652
-5.07 1.6694
8.2762 -10.2926
-7.5806 2.3958
-2.3283 8.462
-7.4274 -8.7906
-7.5363 -7.733
7.6734 -8.341
-5.2532 3.62
-8.4155 1.7095
7.6051 -8.1451
-3.9696 9.0154
-6.6005 -8.5396
-6.1573 1.4229
-8.3704 -8.3371
-3.4437 9.8869
-3.6177 3.0321
7.5131 -8.1646
-6.6645 -8.5559
-8.0755 -7.1754
-5.5432 3.3664
-4.6792 3.2649
-1.2858 8.648
-7.5388 -7.3398
-7.1125 -8.5033
-8.2175 -8.5724
-4.3441 8.2843
-5.8711 2.3106
-3.7059 3.0767
-5.7462 2.867
5.6042 -8.4844
-7.6582 -7.0698
-6.098 3.4746
-7.0625 3.127
-6.0192 1.778
-3.532 11.4934
-4.4914 2.213
-5.2164 2.4117
-8.8554 -9.2245
7.5406 -8.8868
-4.0366 9.7308
-3.7964 9.0514
-5.8066 1.4923
-8.0168 -7.7598
-6.3398 2.5285
7.7737 -8.8715
-4.7842 0.7998
-4.6527 9.3353
-8.2988 -7.3265
-8.3826 -8.3577
6.2276 -10.208
-9.2194 -7.8027
8.686 -9.2258
-6.8075 1.6636
-5.415 2.0479
-1.9657 10.4561
-5.0417 1.7387
6.9635 -9.2811
-6.443 2.4278
7.0952 -8.9346
-6.2206 -9.073
-1.9578 10.0166
-2.1707 10.7175
-5.159 0.8132
6.4016 -8.8294
9.8923 -7.8965
-8.4934 -6.838
-2.4478 10.2488
9.573 -9.629
-6.2017 4.1717
-3.0755 2.7225
-6.2343 3.1789
-4.5552 10.2416
-5.9804 2.7528
-5.6471 2.5819
-7.9303 -8.5073
8.0974 -9.4027
-2.431 9.6
-5.4097 2.8271
5.7253 -9.1559
8.2828 -8.6265
-4.6829 2.4252
-6.3749 2.6783
-8.7514 -7.6926
-5.1743 9.1363
5.8963 -7.9412
-4.4937 1.7148
-8.6271 -9.3515
-2.5952 10.8112
-9.1573 -8.2479
8.1991 -8.2057
-2.064 11.2049
8.6763 -8.6814
-4.3559 0.9315
-5.9923 -8.6187
7.6834 -9.8034
-6.7637 3.8902
-2.8402 9.49
-0.9269 9.0386
7.4351 -6.5633
-4.224 9.7192
-4.4985 6.3923
-8.5688 -7.4643
-4.0735 8.7375
7.3565 -8.433
-7.5359 -9.0452
-6.1984 1.7559
8.8178 -7.9883
6.4863 -8.671
7.2471 -9.9299
5.9539 -9.4499
-9.9092 -9.0916
-9.2559 -7.9922
-9.4277 -8.7433
-2.7975 9.3944
-8.4479 -6.9598
-4.0211 11.4257
-3.0152 2.2102
6.719 -8.305
-4.1036 2.8846
7.5584 -7.6132
-9.5354 -8.4022
-2.9608 9.4316
8.3972 -10.2794
-7.8336 -6.7345
-2.9252 9.5576
-3.7081 10.5526
-9.1977 -7.7214
-6.2613 2.2228
-8.2399 -7.3073
-2.6582 9.6859
-3.3572 9.6244
7.8461 -8.2965
7.4178 -8.564
-5.4362 4.2296
7.4447 -10.7255
-3.307 9.1357
-6.6182 -7.4913
7.079 -8.8884
-8.2699 -6.4329
-5.7595 4.8175
6.2923 -10.6746
9.619 -8.4433
8.4144 -10.7923
-5.3311 4.3841
-0.806 10.5821
-4.1873 2.995
-6.1699 1.7277
-2.4992 9.3179
7.7759 -10.5191
6.7681 -7.6098
-2.7459 10.0437
-5.4604 2.5832
-2.3548 9.1163
8.5612 -10.6805
-5.6519 -0.0542
8.2471 -10.3119
7.8585 -10.9096
-3.2794 9.2312
-6.5005 2.2232
6.766 -7.9484
-8.0817 -9.5702
7.0039 -9.4031
-2.3832 9.2164
-6.8612 1.5558
-7.9729 -8.7911
-1.2597 10.4379
-6.4297 2.7056
-0.3203 9.9233
-8.1111 -9.2917
6.5599 -9.352
7.4459 -7.1138
-4.5921 2.0026
-7.1197 0.9318
-3.5655 9.9872
-7.3086 -8.7364
-5.5546 3.1567
-3.808 2.3949
6.6444 -11.471
8.2826 -8.2342
-7.9469 -8.4944
-6.0083 -7.5683
-4.0494 8.7437
6.9429 -7.1533
-1.143 11.0127
-2.9253 9.1014
-3.2 8.6744
-6.1873 -8.3167
-9.2105 -6.0041
-6.6864 3.0771
-3.7636 8.165
-10.003 -7.7608
-8.0956 -8.5552
7.6901 -8.673
-7.9117 -8.5154
7.3096 -7.7242
-7.3749 -8.8731
-7.3763 -6.6747
8.3139 -9.3974
-9.3134 -7.517
-6.2903 2.509
