6.8006 -9.4443
0.0769 -9.6689
1.8983 -8.5813
11.773 6.2876
6.3495 -10.7219
-1.7068 7.8453
5.5754 -8.3467
8.2361 4.9129
9.7583 6.5739
-4.2567 7.5618
4.6457 -8.6317
-3.9256 8.1751
-3.9289 7.5023
5.473 -9.4928
4.3603 -9.3778
4.9226 -8.1499
-4.1464 6.0413
9.9823 4.6137
1.4759 -9.9835
-4.0904 6.7905
-5.012 6.4571
-3.401 9.6433
-5.4508 7.0556
9.1411 2.7073
-4.0542 7.5836
11.4068 4.2081
6.5382 -9.2516
2.405 -9.902
4.5055 -8.9438
-4.8214 8.2424
0.4119 -9.8972
9.8454 6.3679
10.3382 4.8828
5.8847 -9.6577
7.3026 4.6197
-3.8759 8.7002
2.2828 -10.9263
-4.734 7.2657
-4.8626 8.4601
4.1763 -9.7374
8.5893 4.9611
5.3768 -9.1821
11.4646 6.5098
9.5452 4.4177
0.9411 -10.1792
-5.7323 8.407
4.8515 -8.5034
4.5309 -9.0125
5.7743 -9.5389
1.1455 -9.0941
-4.7753 6.1334
-1.0672 -10.999
-4.4884 6.9573
2.1862 -8.1119
2.6346 -8.5516
0.682 -9.036
5.5924 -9.8964
9.1133 4.6923
0.9084 -9.8812
-3.7977 7.6523
0.3961 -12.737
1.7876 -8.736
4.0172 -9.8235
-5.2028 6.2133
8.9951 2.9683
2.8745 -10.1475
-3.2556 7.1206
2.3474 -11.9525
8.265 3.6818
9.0395 4.0737
1.7881 -9.8293
1.8388 -10.6055
4.0846 -8.284
0.799 -8.6813
8.1353 3.8396
-4.321 8.5893
7.638 5.507
-4.6572 6.6454
0.6824 -8.9532
-5.8616 8.7615
-7.2053 8.6774
3.8064 -8.4834
5.9494 -8.367
-4.1045 7.4224
-4.0635 5.2236
3.1341 -8.6116
9.6549 5.3726
-4.5674 7.1074
6.1828 -9.8831
10.4954 4.5625
1.1439 -11.0615
-2.8233 7.9804
7.0049 6.2567
1.4944 -7.9727
1.7612 -10.278
2.0001 -10.9775
9.564 5.1349
1.9603 -10.9297
9.0513 5.0831
1.6927 -8.4893
8.9134 5.309
4.0779 -8.5245
1.868 -9.3958
4.9603 -8.9939
7.3827 4.467
8.122 5.7251
-4.5192 7.2607
-4.1102 7.3581
9.5563 7.0094
-1.3526 -9.8389
8.027 5.4253
8.2324 3.311
2.374 -10.2224
1.0828 -11.2313
8.7479 5.4537
9.3934 6.1853
2.8983 -10.2977
9.6508 4.75
5.8378 -9.3183
-5.678 7.4549
8.5109 4.4627
8.9544 5.2064
-3.4653 8.2075
-2.6035 7.3855
-7.0472 8.5959
5.9295 -10.2076
2.8301 -10.4824
5.6965 -7.7793
-3.9657 5.9138
3.0207 -10.7847
1.4045 -9.2141
-4.7488 7.7633
9.658 5.9184
-4.2235 8.7572
5.418 -9.0145
4.5938 -10.4193
-4.5357 8.3394
9.5058 4.4476
-4.0053 9.4076
1.7307 -10.8918
5.1404 -9.1868
4.3655 -9.4711
1.8876 -11.5354
0.7964 -9.2173
5.9767 -8.1446
-5.3329 7.4467
0.2148 -8.3752
2.7082 -10.6892
5.6283 -7.9821
-4.7875 4.8127
7.3608 4.169
0.792 -11.2563
5.3969 -9.966
5.0112 -10.7901
6.6306 -9.2308
3.0988 -10.1815
1.0888 -10.7204
6.0565 -9.2654
1.7127 -9.7819
2.0324 -9.2994
8.007 4.706
7.3863 3.0762
2.8529 -11.301
4.3547 -9.8276
10.7679 6.7047
0.9365 -9.4721
5.8071 -9.2812
-6.0366 8.0053
1.5954 -8.7073
10.2367 3.7233
8.3873 5.4378
5.2386 -10.5282
6.6075 -9.2433
-2.6009 7.9476
9.4278 4.0689
8.5822 5.667
-5.2009 10.2809
3.3621 -8.5852
2.7257 -9.2525
1.4835 -9.451
10.0057 4.2801
-3.1304 8.8022
0.1661 -10.5318
-3.1763 5.9962
9.2796 4.692
1.5691 -9.8507
9.6612 6.0966
4.2585 -8.7681
8.8758 4.8676
4.5301 -8.9889
-0.1895 -10.9602
1.9792 -11.203
8.9858 4.6434
-3.9063 8.316
0.6162 -10.0015
10.0203 6.5748
5.2788 -11.1312
3.3471 -11.5213
9.9964 5.6354
0.1761 -9.6444
8.3701 5.3045
-0.0463 -10.6867
10.5262 5.4935
1.8559 -10.0512
8.8145 4.9111
8.1267 5.1199
-4.9339 5.1032
-4.9793 7.3939
5.29 -9.7645
1.3878 -9.9369
-5.1569 6.6694
5.3802 -7.6418
2.5139 -9.2898
6.4303 -8.5674
-0.1325 -9.2945
4.7378 -8.982
-4.296 7.1612
-3.1902 8.4015
2.0406 -8.5059
-3.5252 9.0181
4.0857 -8.5577
-4.171 6.7455
8.1609 5.2009
6.7811 3.8402
-5.6883 6.8005
4.1013 -9.4722
5.4105 -8.0809
-5.5964 8.3974
-0.3897 -9.7039
5.2693 -8.3103
9.4185 4.3858
2.2986 -10.2424
4.535 -9.7471
9.1803 5.4094
1.1495 -8.9587
-0.2354 -10.4352
4.2708 -9.0226
3.9037 -10.2292
5.2993 -7.7719
3.8162 -9.2887
8.6585 5.3618
-3.604 7.3293
-2.2869 8.5475
-5.09 9.0585
9.1067 4.8842
9.5725 5.8702
6.6856 3.6349
6.8514 -8.2342
-5.6176 7.8622
0.7626 -9.7509
8.4666 4.7718
2.7649 -8.5334
-2.4868 7.8999
7.204 5.4028
7.2855 6.1015
4.1362 -7.2377
5.5444 -9.964
1.6624 -9.5089
-5.0833 7.3698
-5.0652 7.1864
-6.4535 8.6577
5.4291 -8.9715
1.908 -8.9687
-2.141 8.1562
7.297 -9.8334
6.1487 -8.1451
5.2586 -10.6429
7.3734 4.0895
-4.0766 8.2281
-3.9869 7.734
0.6312 -12.5744
4.5153 -9.8044
9.4621 4.5336
1.7243 -8.7346
1.2403 -8.8846
10.7046 4.8611
8.507 5.5865
2.0471 -10.5387
7.8278 -9.4901
0.5939 -10.5405
8.7834 5.4084
-4.7668 7.7153
2.2071 -10.0266
3.8164 -9.5788
1.1236 -11.0187
-3.5219 7.0842
-5.0864 7.5521
0.3615 -10.9169
-4.2565 7.7774
-4.4295 8.6827
-4.042 8.361
1.4613 -11.4645
-4.9061 5.7663
1.4711 -10.1708
6.7916 -8.4768
2.4765 -8.9127
6.9571 -9.2913
4.4637 -10.1004
9.3264 6.0545
1.6731 -11.2224
3.1332 -10.6181
7.4846 4.2968
8.9061 6.7481
5.6021 -8.6355
3.8679 -10.6223
-5.4504 7.7342
4.8018 -9.3457
1.3886 -8.2579
1.3081 -8.7856
2.0418 -8.9473
-3.8462 7.9608
5.8126 -8.9258
6.5274 -9.7794
1.4221 -9.83
7.7425 5.8456
2.4146 -8.1665
8.3062 6.0385
-2.7896 8.4238
8.8789 5.9488
-3.1553 6.7457
2.117 -9.4096
-4.8106 6.7035
5.672 -9.5188
9.0615 4.3035
-4.8583 7.5499
6.7736 -9.063
-0.8109 6.6618
0.6152 -10.2204
1.5253 -10.576
8.0806 3.9387
5.2647 -9.9747
-4.3797 6.4732
0.1176 -9.944
5.4476 -8.1276
0.9689 -8.1788
1.8144 -10.5088
-2.764 8.0564
5.3369 -9.8758
6.8548 -9.6565
4.0247 -7.2642
-4.1122 6.1651
8.5299 4.8505
6.4719 -9.1214
5.623 -9.1244
1.1933 -9.9924
9.2935 3.8504
0.5867 -10.2068
-5.2203 7.9274
0.5718 -9.6088
0.6652 -9.2525
0.8958 -9.9947
9.7136 6.4368
7.4719 6.1655
-4.5361 8.8604
10.3625 3.8022
6.8857 5.3327
2.6174 -9.0992
5.3264 -7.9877
3.085 -9.416
4.0476 -7.0455
7.072 -9.1719
1.6957 -9.4205
-3.9057 8.162
0.2146 -8.6632
1.6985 -8.52
7.149 -10.549
1.3961 -12.0175
4.5318 -8.1988
5.1584 -9.4902
-3.8032 7.8682
9.0516 5.6309
5.0812 -8.7264
9.2539 3.3063
-4.6281 6.2861
0.9575 -9.4153
-5.1213 7.7527
7.4399 4.2908
-3.6132 7.177
-3.9992 6.6093
1.2209 -7.7146
5.6664 -9.0937
6.4113 -10.3372
8.1014 5.0261
0.8482 -9.6953
9.7697 4.6388
-2.9912 7.3752
9.4525 5.571
5.2705 -8.8765
4.2333 -11.2411
-4.784 8.576
7.919 4.8256
-5.495 7.5524
-6.065 6.5826
-2.7978 6.2615
3.268 -9.834
-3.4594 8.1331
-4.2901 7.9
10.7481 4.4364
4.5033 -8.9706
-4.7779 7.6478
8.8304 4.3768
2.0285 -10.3241
5.2878 -10.1444
8.6306 6.1089
8.2703 4.205
2.7124 -10.0726
-4.791 6.9429
0.8151 -10.1254
-4.1618 9.2486
2.5013 -10.1774
8.8229 4.8478
5.2625 -10.6853
8.4047 4.8283
0.946 -8.8474
7.5685 5.2935
-5.5304 6.7331
9.6898 6.3525
9.0012 5.9622
9.2536 6.2324
-5.3394 7.5045
-3.9386 7.749
6.4321 -7.3247
4.2441 -8.1487
9.4111 4.5982
-3.7337 7.1063
8.0105 4.9283
2.0523 -8.8623
3.9884 -9.6176
0.5344 -9.2463
-2.25 7.6573
-5.5531 8.4948
9.229 5.8572
5.1216 -9.2419
5.9833 -9.0072
-6.1284 8.9541
9.4073 5.9798
6.0032 -11.0354
1.3289 -9.5266
-3.7384 6.329
6.4436 -9.7785
-4.9601 9.006
8.4996 5.1711
-4.5596 6.7971
-6.1133 8.5092
4.5299 -8.9505
10.6634 5.319
-4.1541 6.8241
3.9023 -9.0721
3.4053 -10.0859
9.7798 6.3175
6.4479 -9.4951
-4.4115 5.8174
7.8255 3.7135
9.519 4.2683
4.712 -9.5506
5.7264 -8.9731
11.0878 5.2359
11.1059 4.0745
0.2912 -9.8711
-5.1349 7.8073
10.1016 6.0302
1.6718 -10.5013
2.973 -11.0974
8.4391 7.4179
-5.2628 6.4691
1.3556 -8.4039
8.9498 4.6444
9.6423 5.5886
9.9654 6.9291
5.0378 -10.1989
9.9384 3.1359
3.5759 -9.1534
1.4379 -10.6006
5.3304 -7.5079
8.8095 5.4423
6.9489 6.8439
7.49 5.2039
10.7222 3.9946
-5.395 7.9706
2.0161 -9.5387
-5.2092 6.7555
1.4671 -10.0754
5.7115 -10.0488
8.488 3.6479
3.1436 -9.8006
-4.4817 5.4674
-4.0407 7.5481
4.5056 -10.8152
-4.125 8.14
8.528 4.7011
5.6877 -9.1742
8.1498 5.3263
1.6031 -7.4911
1.6584 -8.9979
-3.2023 9.6573
8.7148 5.916
-4.6621 7.705
9.203 4.4413
1.6526 -11.4742
0.678 -10.728
-0.1243 -9.9798
-3.5829 8.3943
-5.6412 7.6584
-4.8231 7.9217
6.3267 -9.4135
9.5919 4.7068
-5.6722 7.5567
1.8786 -10.1679
3.3672 -10.4941
2.3875 -10.7759
3.7495 -7.5899
-4.0801 9.7983
3.921 -11.7476
8.7607 5.3882
5.5371 -9.4854
9.6319 6.665
8.9796 5.1612
-3.4073 6.9661
2.8177 -9.627
-5.2679 9.0749
8.4449 5.1481
3.9805 -11.355
4.5718 -11.3297
1.2943 -9.1974
-4.6925 7.1108
3.7204 -10.3303
-5.9153 8.061
2.8927 -8.9999
3.9283 -8.8924
4.9612 -9.9895
8.04 4.8128
5.412 -10.7961
2.9521 -8.0442
-3.3559 6.4495
5.1346 -9.2182
8.2677 5.2022
2.9208 -10.2581
9.4538 6.3313
-0.2483 -9.0606
1.3594 -9.7935
-2.2931 8.3174
7.7398 5.787
7.9888 4.9547
1.2093 -9.7039
-0.0841 -9.4029
3.4009 -9.5864
3.2798 -10.1441
9.3908 4.1941
1.7894 -9.5483
5.3875 -7.8676
8.4277 6.1291
5.0766 -9.673
6.1067 -10.4851
6.4151 -9.3503
9.0853 5.0552
5.8033 -9.6997
10.3737 6.1036
2.3058 -9.4146
0.0526 -8.6948
-2.4505 6.7026
-6.9301 6.8826
3.8484 -10.1457
9.8622 5.1714
4.6245 -7.8627
5.012 -9.3168
7.81 3.5376
10.2463 4.7351
6.1185 -8.0073
0.6994 -10.9551
1.4836 -10.0364
3.8478 -4.9851
10.6289 4.8447
5.4977 -7.6963
0.926 -9.6553
-4.5056 8.4272
1.0393 -10.2082
9.1011 5.5851
5.3409 -11.3119
1.0665 -8.1222
9.1064 4.5686
-3.6922 8.1405
-7.4415 6.3326
8.5881 3.904
1.2322 -8.807
6.7381 -8.6202
-5.0319 6.6432
9.503 5.0765
-3.6646 9.1145
5.3759 -9.1398
7.1102 5.8534
9.4482 7.9252
-5.4747 8.4777
-4.0638 8.4438
-4.9748 7.6487
9.475 5.6061
7.7879 4.5977
10.4523 5.447
8.7069 4.0404
-3.5417 7.6137
4.7579 -10.4446
1.4727 -9.0909
8.2649 5.7164
4.9752 -7.9734
10.3725 3.9132
1.4055 -9.8011
1.9277 -8.6446
4.7699 -9.2099
-5.5045 5.5822
-4.6933 7.677
7.8994 4.5188
7.2799 5.0331
2.3155 -7.8111
1.6371 -9.4473
3.1954 -9.0016
6.2983 -8.231
2.4863 -8.4009
8.3122 5.911
6.2913 -10.7614
-5.9495 8.0309
5.5691 -9.0737
-4.8372 7.9429
-5.1626 7.2225
-0.3457 -11.4714
5.4883 -9.5261
1.41 -10.9637
8.3847 4.927
-4.6682 8.2708
5.3203 -9.715
-4.1481 7.9226
7.1915 4.3103
8.4301 5.2463
-5.607 6.889
8.629 6.7417
4.412 -10.491
-4.8654 6.6378
5.8441 -7.4942
1.0472 -10.304
2.6269 -10.9818
7.0206 -7.5807
-2.9243 8.7481
-6.2806 6.6489
4.603 -9.5538
7.4256 3.3449
3.4219 -9.8898
0.8592 -9.8321
0.7814 -8.0305
3.9363 -8.6613
1.703 -9.2105
-4.1261 8.2867
9.4581 3.4709
8.6571 4.2641
1.583 -10.4948
9.0385 4.336
3.2958 -8.7434
1.1823 -9.0328
-5.0705 9.1022
4.8307 -9.8425
-5.0747 9.5122
0.1466 -9.2742
6.6917 -10.3463
-2.9321 6.792
3.8482 -8.444
2.8906 -8.7345
6.9012 -8.6678
-3.304 7.7317
-3.9301 8.0279
-6.0688 7.4453
-3.8162 8.5798
4.7754 -7.5303
-5.2364 8.406
1.8001 -9.3641
-3.2306 6.927
9.4458 7.2288
8.5546 5.9673
11.1208 6.0185
5.0382 -10.071
1.8577 -8.7544
-3.928 9.0811
1.1718 -9.4647
9.4443 6.2632
-3.4356 7.4387
6.4552 -9.3246
-5.1163 7.6422
2.058 -8.2103
-4.1851 6.6168
8.3385 5.634
0.389 -11.2855
0.7971 -9.8066
3.0152 -9.2733
6.2936 -8.5992
5.9822 -8.5737
2.9492 -9.3605
8.8031 4.1257
9.5063 4.4218
1.066 -11.0537
-5.8971 8.4848
-4.9923 7.5459
7.2024 3.549
10.4295 5.7622
8.8894 5.9153
6.6748 -10.8999
4.8028 -9.1339
5.2081 -9.874
9.6579 8.0727
7.1759 6.1809
0.9273 -11.0184
9.1266 5.6996
0.8374 -10.7422
-6.4791 6.5007
-4.3838 7.9074
-5.1727 8.6905
0.6871 -10.7839
3.5427 -9.7744
6.1712 -9.0716
6.3195 -8.9775
6.0254 -10.1438
9.5329 5.6126
-4.6794 7.8883
-4.7736 8.3031
6.35 -9.546
10.9126 2.7645
7.312 5.0878
-3.6291 5.6467
-3.6907 7.5242
-5.8113 8.7107
-5.0108 8.2786
4.8786 -8.9323
5.0925 -10.6042
4.7266 -7.7786
3.0185 -9.7794
6.0427 -10.6468
5.3875 -10.1964
5.0128 -10.756
5.3488 -9.2215
-4.2855 6.7399
-3.722 6.9705
8.5872 5.8863
4.607 -9.0781
4.0828 -8.7192
-4.8317 8.2465
4.125 -8.5428
-0.6148 -10.3245
-3.3142 8.4364
-3.8278 7.7769
4.1523 -9.7958
2.1914 -11.0835
-0.2788 -8.2761
6.4574 -8.1378
11.1907 4.7508
8.5892 3.5462
8.3908 6.7084
3.3944 -7.3719
-2.8677 7.3869
8.514 4.4082
-4.2284 6.651
-1.5274 -9.5593
1.8412 -8.9817
-4.3618 7.2184
9.7386 3.9244
7.4506 5.2322
-5.8979 8.9879
5.8022 -9.767
6.6633 -10.124
5.0124 -9.4853
8.0632 5.9192
1.3229 -8.5646
6.1978 -11.09
3.0148 -11.4284
9.2512 5.5071
9.4824 4.9175
-4.5839 6.5591
8.628 5.2086
-3.773 6.3854
-6.0257 9.0852
10.0274 5.179
-3.5835 7.3049
-5.2653 7.3951
8.4772 4.878
5.3634 -10.7002
-3.7237 7.8696
-3.9463 7.3264
5.5067 -8.2712
5.352 -7.2816
8.5464 2.348
-4.8533 6.318
9.0337 4.26
10.1654 3.8206
-4.5941 7.9597
-0.0347 -9.5932
8.5586 5.3852
7.8531 3.6286
10.2367 4.5104
1.7465 -9.4375
6.7192 -7.9019
2.2321 -8.1752
5.204 -8.8363
1.9642 -10.2022
7.2815 -9.4853
10.5721 5.2151
3.3588 -9.2826
-3.7134 7.5722
11.3556 4.0001
2.5327 -9.4614
8.0026 6.9682
3.1353 -9.212
-3.9846 7.8152
4.0635 -9.2936
6.3655 -9.6648
-5.5672 8.724
1.0376 -9.8293
6.3 -10.5927
2.0016 -10.0632
9.0438 3.7479
4.8772 -10.6759
-5.5097 7.9149
2.9216 -7.1468
9.4447 6.1364
4.7557 -9.6193
4.7278 -9.0266
-4.6969 8.1602
-4.9444 6.4093
8.7987 5.5276
-5.0248 6.5303
0.452 -10.0656
8.4782 7.3318
5.6147 -9.0767
1.8823 -7.7947
5.6824 -9.2289
-6.0594 8.06
1.4916 -8.78
0.6638 -10.0125
10.4294 4.8191
4.8932 -10.0723
4.8019 -9.8064
0.1773 -9.8631
5.6769 -8.9682
-2.7635 7.8361
3.2893 -8.7906
6.0605 -11.3755
-0.139 -10.1908
8.4243 3.7257
2.8976 -10.8856
1.2827 -9.9379
-4.3844 8.1191
-4.018 6.6497
5.1219 -7.6853
2.0355 -9.6306
11.6143 5.1193
1.6008 -9.4181
6.5746 -10.8351
7.0598 -8.2351
7.3042 -8.2972
4.3696 -9.8118
9.137 4.2068
-3.0369 7.6042
0.3275 -11.1305
-3.4715 8.3868
-4.3191 5.2248
9.4269 6.025
-4.4566 8.8461
6.7339 -9.9767
-4.694 5.7979
6.3907 5.3515
-5.7845 7.5543
1.2212 -8.5413
1.5863 -11.807
9.0716 4.5884
2.0422 -9.7432
-3.8246 7.572
-4.5106 8.1919
0.3936 -8.4473
9.6914 5.97
2.1911 -10.895
5.9892 -9.9823
3.2109 -10.8604
1.8399 -9.7689
2.635 -10.0007
9.551 4.5752
6.2151 -8.2732
1.692 -10.9366
4.5143 -10.1349
8.0689 5.1771
9.006 5.6722
-4.6993 9.0085
1.662 -11.8568
4.5983 -8.6182
8.9982 4.8327
7.9519 6.1624
4.3485 -10.1218
-2.7977 9.3865
-5.0438 7.4121
9.3752 4.2561
9.4044 5.1696
-4.0306 8.2087
6.7019 -10.028
8.4055 3.6616
-3.9113 8.5495
4.5325 -10.1978
-3.7411 7.1781
-1.9628 9.2245
8.641 5.1686
5.4975 -9.1678
4.5225 -8.7526
5.8249 -10.151
-4.5188 8.249
4.0696 -9.0907
5.7042 -7.992
5.198 -8.2648
1.6508 -9.1877
-4.7556 7.1011
-4.5293 7.1826
-4.3533 8.3722
3.1166 -10.1765
1.6877 -9.0246
9.7665 5.9197
-3.939 7.4599
5.1822 -9.6093
10.0508 3.0719
8.4488 4.8919
8.7183 5.7028
-6.1314 8.6418
-4.239 9.0338
9.1098 6.0885
-4.547 8.7295
1.9406 -11.7149
8.5183 6.0182
0.405 -11.7786
9.1534 4.3171
1.8119 -7.7915
-4.9352 8.1432
0.7853 -8.9235
-4.7103 8.32
-5.4812 8.6344
6.6834 -9.4863
-5.1728 7.5909
8.9127 4.312
3.2015 -10.4787
4.9366 -8.5928
-4.4261 7.7034
9.215 4.3634
4.7918 -9.3052
10.4817 6.1519
0.4907 -9.0346
2.9201 -8.2727
9.8152 3.8066
-4.6147 8.4544
1.7705 -11.3832
6.2738 -11.4156
5.5633 -8.5559
9.0882 4.769
-6.3979 6.4368
4.286 -9.1586
0.1127 -9.3359
-5.2171 9.2648
3.5738 -10.156
5.1856 -10.8144
3.1057 -8.9392
1.4672 -10.4224
0.3599 -9.8406
2.2694 -10.8779
9.9959 4.8068
6.3879 -9.2721
9.5496 4.4172
-2.2042 -8.9786
1.6392 -8.7333
6.3368 -8.0339
5.1999 -10.8445
10.5034 6.0961
0.7164 -9.6903
5.8344 -7.6585
7.4048 4.536
-6.2584 6.2406
0.6806 -11.3693
3.5724 -9.6384
4.8572 -9.4143
5.9891 -7.8135
3.3808 -10.1624
3.828 -9.5187
5.7406 -8.9846
-3.6964 8.8758
-5.545 7.8046
8.613 2.5138
-3.8256 7.5176
8.1742 6.5853
5.606 -9.1712
8.042 3.8442
8.9175 5.0069
-0.6964 -9.4657
-5.2986 6.8936
4.8351 -9.6602
1.5438 -9.0732
8.0125 4.6545
-6.7427 6.7059
-4.082 7.0857
2.3189 -8.7592
4.7535 -10.174
-4.8139 8.4671
1.5735 -9.0201
8.7075 5.2636
4.2741 -9.7434
