-0.6625 2.9846 -3.18
-9.3306 -7.0509 -3.551
-9.3573 -7.2901 -4.011
0.6413 -6.702 10.042
-9.4696 -9.0012 -8.306
-10.129 -5.9119 -8.9943
-7.7466 -9.245 -7.398
-7.5218 -7.488 -7.3723
0.2015 -6.5635 10.3328
-8.6981 -7.6007 -0.9387
-0.2101 -6.0598 9.4423
1.0008 3.3505 -3.1849
1.6918 -4.9871 9.7658
-10.1846 -8.4198 -3.8602
-9.196 -7.9529 -1.9813
-8.7483 -5.3801 -2.4719
-9.5691 -7.219 -2.0779
-9.9337 -6.9321 -9.3062
-9.2273 -7.8222 -9.6211
-0.0019 3.3169 -2.2337
-0.0615 1.8451 -3.2719
0.3166 -5.9134 11.7767
-7.871 -6.6637 -2.0021
-8.1138 -6.3754 -2.674
-8.7807 -8.6936 -9.4833
-8.0545 -7.4455 -6.2448
-0.6094 1.929 -4.3472
-7.817 -8.1222 -3.1879
-6.7916 -7.7736 -10.7888
-8.0305 -8.9505 -3.1275
2.8567 -6.8523 10.786
-9.4585 -9.6944 -8.3726
1.5766 -6.5129 9.3386
-8.7052 -7.9369 -9.3363
-9.5804 -8.687 -8.7188
-0.4459 -5.9798 8.4781
-8.262 -8.0477 -7.8214
-10.5172 -7.5999 -1.739
-5.497 -7.7631 -9.4612
1.3251 -6.0115 10.177
-0.2605 0.7416 -2.6979
0.1155 1.9533 -2.8365
0.5094 -7.7259 10.242
-0.3832 -0.5233 -2.1584
1.1433 0.7216 -3.371
-7.8677 -6.1985 -3.0797
-6.3696 -7.1354 -8.5708
-5.8509 -7.231 -9.6336
0.3909 -5.0553 9.3465
0.4411 -8.2204 10.2576
-9.1814 -7.3458 -5.7826
1.856 -5.964 9.9014
-10.0736 -6.6496 -3.4641
-6.2924 -6.3768 -9.6494
-10.3356 -7.2257 -1.7505
-7.92 -7.2836 -10.1867
-10.0575 -6.6484 -2.2115
-1.6181 0.3862 -3.6346
-1.8528 2.1173 -4.7353
-9.5937 -7.5439 -8.9944
-0.1196 2.8721 -3.6751
-9.5243 -7.1159 -3.5442
-1.5234 2.6491 -2.8869
-7.2254 -7.9436 -9.0191
-8.9119 -10.4332 -9.9977
-0.0202 1.6201 -2.8713
-8.7672 -6.9711 -2.6785
-7.2898 -8.1212 -8.1426
-9.5003 -7.5706 -2.2883
1.4419 2.29 -6.6554
2.0746 -7.5519 11.7638
-9.8185 -9.3302 -5.8803
-7.1347 -5.8185 -8.5696
-9.0299 -9.6348 -1.7967
-1.6059 4.2099 -2.6847
-8.7715 -7.8766 -7.4849
-0.0697 2.4679 -4.0598
-9.3262 -6.6241 -3.735
-9.2706 -9.8687 -1.5128
1.3699 1.9877 -2.8453
-8.9169 -7.892 -3.6717
-8.8372 -8.2582 -8.3036
-8.0553 -8.6149 -2.3985
1.8996 -7.5419 9.6362
1.2734 1.5422 -3.6942
1.6602 -6.627 10.2899
-6.9065 -8.4553 -8.9659
-0.2415 -5.627 8.6159
0.8804 -5.1976 9.6495
0.2976 -7.7827 9.4441
-6.5047 -8.8402 -8.1584
1.3044 3.1997 -3.3701
-1.6415 2.1869 -3.1435
-0.56 -5.5567 11.4487
0.2979 -7.3372 9.4317
1.7338 -5.2211 9.0716
-7.4315 -8.163 -7.1066
-0.9322 1.6111 -4.8058
1.8423 -6.4201 9.5422
2.1209 -5.0721 11.5337
-7.2253 -7.3822 -9.5655
-8.9183 -9.317 -7.3094
-7.8854 -7.2602 -9.7523
-8.7534 -8.9063 -9.0687
-8.376 -6.1933 -9.6364
-8.9028 -6.8196 -1.5667
-9.1579 -7.0764 -8.9255
1.5765 3.5052 -3.8279
-9.3067 -7.8011 -3.9439
0.6801 3.2996 -1.6876
-7.5165 -7.6701 -2.8866
1.3598 2.5921 -2.5492
-9.0246 -8.7716 -3.0048
0.8376 2.0525 -1.8157
-8.4148 -7.7483 -8.4924
0.0723 1.1671 -2.8802
1.2872 1.8839 -4.6966
1.6325 2.164 -2.5276
-8.5763 -8.2385 -7.0322
-8.3216 -7.5477 -3.5598
-8.382 -7.2732 -2.3284
1.5075 -3.0325 9.8345
-9.0076 -8.9624 -8.1618
1.2363 -5.2681 9.5141
-1.4155 -5.6651 9.3709
-8.7679 -7.6771 -7.2829
-8.0793 -7.7144 -11.2476
0.3209 -5.914 10.6191
-9.1523 -7.9631 -3.0494
-8.5008 -6.1198 -3.354
2.1615 -5.7188 10.625
-0.8461 -1.5324 -4.4791
1.8167 -5.2464 12.1259
-8.9549 -8.0925 -2.1962
-7.7923 -8.6473 -8.3646
0.319 2.9097 -3.3246
-7.527 -7.5675 -7.2078
-1.1004 4.2763 -5.2671
0.959 -5.9189 10.2628
1.2773 -6.7271 10.1261
0.9031 -6.5817 9.1071
-0.169 3.384 -4.8041
-7.5404 -7.827 -2.4394
0.398 -3.6334 8.8645
1.7114 -5.1236 8.8365
-8.0422 -7.1093 -7.1386
-0.3307 1.8143 -3.2711
-7.6081 -7.5342 -8.8732
1.2969 -6.2025 10.3856
-8.166 -5.4602 -4.6056
0.8265 2.8662 -5.362
0.5696 -4.6418 9.0958
-9.4105 -8.5638 -1.1755
1.8355 -5.7325 8.0703
-9.6433 -6.0322 -8.1328
1.2077 2.5308 -3.9377
1.2218 -3.0804 9.4888
0.8865 -5.4478 10.6563
-1.3832 2.9214 -4.1475
-8.6039 -8.0599 -9.4341
-0.8963 -5.1734 8.5252
-9.81 -6.9436 -2.5202
2.2314 -6.3361 9.9224
-9.6103 -7.8387 -6.1933
-9.2286 -6.7141 -4.4335
-1.5725 2.5836 -2.6515
-0.0541 -5.9833 9.5351
-9.0578 -8.1786 -9.3096
0.5498 1.3476 -3.7911
-9.6364 -7.6736 -8.5104
-8.586 -5.9016 -2.5897
0.9595 1.8563 -2.5109
-8.4995 -6.3384 -2.9472
1.0556 -6.1992 10.0419
2.4547 -6.3489 7.9186
0.1017 -5.6411 10.8041
-9.3395 -9.7403 -9.5386
-0.5507 1.8992 -2.5486
0.5133 0.8451 -3.4594
-1.5589 -7.4688 9.392
-10.2987 -6.5435 -1.9822
-7.3703 -8.0053 -7.5442
-0.0228 -5.6371 9.866
-1.2291 3.5281 -4.4399
-9.3376 -6.0473 -6.4399
-0.1618 3.0966 -4.5516
-8.1458 -7.3582 -3.8856
-9.531 -7.1591 -2.7433
-8.3214 -7.9261 -2.9094
-9.8274 -6.7269 -7.6189
-8.5943 -7.4137 -2.9832
1.9321 -7.2664 9.4765
-0.776 -5.6832 11.4291
2.4088 -6.353 10.2868
2.1292 -6.8551 11.1369
-8.0151 -7.0608 -8.8068
-7.716 -7.0924 -8.8606
2.9465 -6.3688 10.5636
-8.978 -6.2665 -9.3566
-9.0728 -8.6806 -8.5676
-9.4031 -7.8035 -3.7726
-8.3731 -8.2103 -10.4502
-0.2662 2.9224 -3.5853
1.2371 -6.2907 8.8566
-7.757 -7.2223 -2.894
-8.2382 -8.6415 -2.3435
1.1892 3.5573 -2.74
-8.5649 -6.4722 -3.2445
0.4821 -4.9629 10.5541
-7.7135 -6.8217 -7.162
-8.5464 -6.3815 -3.5614
-0.161 2.4533 -3.2197
0.765 -4.827 8.4742
0.8009 -5.492 12.2092
-9.908 -7.9109 -10.0044
-9.069 -7.2393 -4.0923
-9.7433 -8.2858 -1.7931
-8.9007 -8.5785 -7.5664
-8.634 -9.132 -8.811
-8.1718 -8.0709 -9.2211
-2.371 3.3987 -3.7762
-8.746 -6.722 -10.0002
0.5117 -5.2628 8.8111
-2.6554 1.852 -4.551
-0.0097 0.5449 -3.4476
-7.5599 -8.3712 -7.9797
-7.4613 -7.9459 -8.7662
0.9788 1.1157 -1.453
-9.1204 -5.407 -2.9899
-1.336 2.8025 -3.0936
-1.2528 1.9034 -4.3043
-7.7586 -6.7263 -1.1411
0.4783 -6.5201 10.0036
0.2249 -3.3678 9.373
0.6207 -5.1547 9.4691
0.4317 -4.7354 12.2792
-9.6515 -6.254 -3.7129
0.9838 -5.8431 10.7803
-0.6474 -6.0391 10.8012
-7.7313 -8.0678 -7.9696
-0.5541 -0.1449 -3.2708
-8.6155 -6.8048 -7.8431
-10.1835 -5.7176 -7.5775
-8.5656 -8.3408 -8.5868
0.6712 -6.5364 8.3688
-8.7199 -7.7667 -8.3966
-11.6166 -7.7269 -2.9734
-0.0983 -7.1991 8.9298
-9.6989 -6.9294 -2.4215
-9.8331 -5.6604 -3.9832
-10.0717 -7.9518 -3.1835
-8.2714 -5.6451 -7.8511
-2.1105 -0.2917 -5.8629
-8.8915 -11.8681 -8.2077
-9.9939 -8.5029 -7.8074
-2.1115 1.6595 -4.088
-10.1529 -9.424 -8.2087
-1.9487 2.7136 -4.5058
-8.9662 -8.6287 -9.5757
-8.0821 -7.4559 -3.0464
-10.3538 -7.6257 -8.0955
0.5156 3.116 -3.9025
-8.9784 -9.9779 -9.9377
-7.3501 -7.6653 -7.7167
0.5831 2.0731 -3.4005
0.1197 1.6392 -3.102
-7.454 -8.7088 -8.0401
0.5809 -5.3527 9.3173
-0.092 -6.1165 10.5586
-1.1794 1.8964 -3.1601
-1.2757 2.2212 -4.1173
-0.242 -5.7717 9.7731
-0.8793 1.632 -4.0067
-8.2393 -7.9923 -7.727
-8.7602 -7.869 -4.7097
-0.391 1.5022 -0.9671
-8.0779 -7.161 -2.2097
-9.416 -6.7555 -1.7268
0.086 -6.3476 9.9463
1.3127 -6.3206 8.9848
1.6412 2.953 -4.6014
-0.3257 0.9242 -5.0618
0.7695 1.6186 -4.7656
-7.4989 -7.1272 -8.0275
1.2915 2.0003 -3.7735
-0.1342 -6.4299 9.1727
-0.6405 -4.9465 9.4225
1.3157 -5.1273 8.2495
-0.6282 -4.6622 10.7655
-10.2672 -8.0951 -7.9277
1.0024 -5.5537 10.753
0.761 -5.5194 9.4126
0.674 1.9724 -4.4444
-8.8132 -6.9479 -2.6829
-9.3254 -6.4946 -3.8071
-1.8693 2.8818 -4.6039
-7.9451 -7.683 -1.9916
0.0186 3.1357 -2.4646
-7.0155 -7.8527 -2.3417
1.2899 -5.5729 9.3307
-8.7788 -7.8794 -8.1537
-10.5089 -6.6123 -3.3806
-9.1152 -8.5083 -4.0773
-0.9856 3.1494 -5.2275
-7.8589 -9.0275 -8.7396
-8.4671 -8.1579 -8.016
-10.491 -7.1767 -8.6095
-8.9271 -9.5745 -8.2536
-1.273 3.1342 -2.0351
-9.0008 -7.2318 -11.5641
-0.3635 0.8872 -3.6919
-0.5737 0.5042 -2.3406
1.4664 -5.3718 9.835
-7.1194 -7.7423 -9.8948
-9.247 -7.7516 -4.0719
0.5264 -5.6521 9.8277
-8.6469 -7.4232 -1.7753
-9.6361 -7.4027 -3.5678
1.2811 -5.6381 8.9747
-9.9782 -8.3394 -3.3224
-8.7823 -6.5341 -7.4838
2.2577 -5.5887 10.0048
0.2559 2.9508 -3.0914
-9.5789 -8.1412 -3.0842
-9.917 -7.9185 -7.9227
-0.3382 0.986 -4.1402
0.9031 1.7103 -2.4317
-0.0658 2.7926 -2.5587
-9.3759 -7.59 -3.1505
-0.234 3.4793 -1.9781
-0.6567 3.4817 -2.0567
0.0822 -9.4433 8.3501
-8.6647 -8.4109 -3.2697
-1.3432 1.6594 -3.0844
0.2986 -5.4153 10.2149
-1.2928 1.7587 -2.6223
-7.8172 -7.3217 -2.5455
-1.5417 3.0481 -3.2698
-9.4866 -8.2917 -2.7048
-1.315 1.4577 -2.1331
0.2589 2.3521 -3.3872
0.9372 -5.4523 10.3104
-0.9146 1.1273 -2.5061
1.0427 1.7889 -2.8035
-1.0817 3.2816 -3.7312
-1.5299 3.2202 -2.4163
0.2327 1.9064 -2.179
-7.87 -7.8682 -8.9936
0.2914 -6.3162 11.4832
-0.6704 1.7067 -3.4138
-9.4074 -6.4214 -2.6078
-0.1009 -5.8209 10.3069
1.3809 -6.1066 9.0798
-8.5419 -8.1047 -10.336
1.4878 -6.3797 8.5391
0.7331 4.0755 -2.1787
-8.4281 -8.6666 -8.8904
-0.2444 -4.8979 10.3667
-7.532 -8.4749 -8.7607
0.9808 -5.9314 11.8506
1.6571 3.474 -4.579
-0.2213 -6.1195 7.645
0.9497 -7.5134 8.6831
0.3885 0.918 -4.7429
0.1571 -6.552 10.8052
0.766 2.4032 -3.3437
1.2712 -5.17 10.133
-9.4813 -6.7693 -3.5836
2.0905 -7.2277 9.9757
1.0011 -4.4978 10.1714
0.9562 -5.2567 11.0884
1.1188 -5.555 9.1279
0.6328 -0.1606 -4.0046
-7.8064 -6.5948 -9.8713
1.0354 -6.3538 9.2704
-9.7902 -9.2848 -7.4496
0.245 -5.7644 11.4025
-0.5387 -4.9952 10.2133
-7.8566 -7.9594 -7.9187
-8.0915 -7.7565 -3.8785
-9.6404 -7.7027 -3.5432
-0.2714 2.4516 -2.7138
-0.3208 3.3216 -1.8167
0.9507 -5.8709 10.5061
-9.6476 -7.4246 -2.0299
-7.1573 -7.0455 -8.0911
-7.7896 -6.4367 -8.5806
-7.4299 -8.5895 -8.431
-9.3085 -9.5434 -3.341
-10.1958 -7.1089 -2.386
-6.4662 -8.2781 -3.6997
-0.0359 2.007 -4.8148
-0.2718 -4.6301 10.0607
1.1864 1.1681 -2.2561
-10.5022 -6.9162 -3.6061
-8.2196 -6.9053 -8.3077
-1.3256 -4.0487 9.6178
-8.8529 -8.9127 -8.2223
-1.5513 1.1188 -2.6976
0.2609 2.2252 -2.6596
-9.5863 -7.4024 -2.9834
-9.3046 -8.9183 -8.768
-9.188 -5.6694 -2.5322
-8.9942 -5.746 -3.8064
0.6069 4.488 -4.4146
-7.4289 -6.3179 -7.181
-8.0429 -6.9803 -1.2641
-9.1256 -8.5661 -3.6127
0.6141 -5.9649 8.8595
-10.2321 -9.1986 -10.5639
-9.8179 -8.7694 -9.1349
0.1041 2.9931 -3.198
1.8244 -7.0306 11.2206
-8.8222 -8.9727 -7.8054
-8.9838 -7.1998 -3.8241
-9.8609 -7.0106 -3.2489
0.5431 -6.9939 8.9042
-8.1445 -9.1988 -8.8607
-8.0704 -7.4181 -2.0045
-9.7814 -8.5576 -8.1906
0.409 -6.0455 8.5851
0.8091 0.8954 -2.6498
-2.11 4.1513 -2.1854
-0.562 0.8789 -3.5224
-7.6636 -7.5526 -9.3065
-7.8042 -7.1522 -3.522
0.4328 1.7725 -4.0886
-9.573 -7.5687 -7.4701
-6.776 -7.7337 -2.1881
-0.8615 1.3637 -3.7274
-10.5767 -6.9863 -9.765
0.7809 -6.4646 10.7307
0.5818 -7.0261 10.2802
1.0857 -5.6585 7.4509
0.1875 0.4652 -2.2675
-1.3764 3.4375 -3.1095
1.6399 -6.5239 9.0465
-0.0349 -6.5783 10.8076
-8.629 -7.7071 -2.6938
0.1533 1.8775 -3.3308
-8.0148 -7.0451 -2.4823
-1.1455 1.3576 -5.1235
-0.7139 -3.6919 10.63
-8.9261 -8.0137 -3.4875
-9.5277 -7.458 -2.9443
-1.1123 2.0663 -3.816
0.4337 -7.0578 9.5411
-1.0279 2.2513 -2.5614
-8.2306 -6.5965 -1.5544
-1.3407 1.6035 -3.1568
0.1032 1.8272 -4.9454
0.4453 0.8383 -1.3669
1.8298 -6.3259 9.9295
-7.4604 -8.0699 -2.0082
-7.9845 -8.8768 -9.4232
-0.1079 3.4604 -4.2933
-9.7072 -8.3682 -1.6319
-8.3726 -6.0954 -7.0843
-7.143 -7.6339 -7.6407
-1.0039 1.4319 -2.7556
0.8931 -3.2099 9.7172
-0.8851 2.7751 -5.7895
1.1086 -6.2145 9.8914
-7.0065 -9.6548 -1.4973
1.489 -5.7179 9.8
-0.3349 2.6573 -3.8256
-11.023 -7.7143 -8.6876
-9.1358 -8.0519 -6.9948
-8.4938 -9.2943 -3.3401
1.7967 -5.9549 8.4939
-1.5005 -6.18 9.103
-9.9135 -8.9732 -4.0572
-8.0031 -7.4958 -2.7696
-8.1029 -7.9075 -9.0713
-8.1827 -7.964 -9.0371
-8.7512 -7.0157 -4.8117
-7.3496 -8.2603 -7.7034
0.1812 0.9456 -3.8169
-7.9804 -7.4736 -6.6378
-7.1298 -6.9566 -10.1275
-6.7051 -7.3074 -3.0651
-9.6949 -7.7321 -1.952
-0.3187 -4.9174 9.7263
-8.6004 -7.3788 -3.0808
1.3921 2.0079 -4.4455
-8.9569 -9.122 -8.8308
-7.8002 -8.9175 -8.9455
-0.3858 -4.9578 10.4482
-9.2961 -7.2347 -1.0865
-8.3984 -7.3457 -8.3023
0.8274 2.2585 -3.4095
-9.9465 -9.2713 -1.9633
1.3372 1.8866 -2.2379
0.0119 2.494 -3.4126
-0.5645 1.708 -2.055
-8.9895 -8.0896 -7.7109
-2.7917 2.2379 -3.4747
-0.366 -6.1356 7.952
-0.3456 -5.0838 8.9969
1.2349 -5.6445 10.9413
-6.7793 -7.7468 -1.5765
1.9342 1.2599 -2.508
-8.4519 -7.3179 -3.6423
0.4412 0.2728 -4.3584
-9.8843 -7.6932 -7.7548
-8.7384 -8.6388 -7.7557
-8.778 -7.4361 -8.7177
-0.1772 1.4711 -2.718
0.0587 0.6276 -4.7726
-7.7009 -7.2018 -8.0627
-9.6746 -6.2706 -4.1202
2.2011 -5.8111 9.16
0.3482 -4.548 10.9561
-7.8048 -7.0387 -8.3084
-0.7336 -7.1189 9.2415
1.5851 -5.7595 9.9987
-10.3438 -6.5867 -8.252
1.1563 -3.9065 10.4128
-7.6117 -8.6624 -6.6304
-11.0601 -6.9653 -0.611
-0.5796 0.6284 -4.1269
-1.9129 -6.6474 9.4
0.1838 -6.4383 8.4594
-7.516 -9.0063 -9.1459
0.6876 2.0969 -3.9308
-7.0245 -7.0255 -4.659
-8.0845 -7.5014 -9.0343
-0.9692 2.2342 -2.8934
-8.2354 -7.3445 -7.2084
-1.5651 -0.1988 -3.6644
1.0997 -5.2326 8.9924
1.0996 -6.0069 9.7191
-8.119 -8.0778 -2.876
-7.5377 -9.0433 -6.218
-10.6343 -9.5064 -2.6779
-10.3722 -8.2606 -2.7954
-0.3983 2.9376 -3.0074
-1.2913 4.5119 -2.4754
-1.6292 0.5359 -3.886
-10.619 -6.5982 -2.8219
1.1108 3.0077 -3.6173
-0.0528 3.7172 -2.6185
0.7986 0.6437 -4.0355
-7.8279 -7.8919 -1.972
0.8329 0.4552 -3.6637
1.7309 -7.1143 9.8589
-7.9481 -8.8244 -9.0641
-8.6265 -9.5596 -8.2562
1.4767 -5.299 9.0019
-11.0352 -8.3257 -3.1811
-10.7775 -7.0606 -2.3345
-8.3734 -7.4926 -4.3559
-8.6979 -6.143 -2.8932
-0.9428 3.5758 -3.8913
-8.9987 -7.9069 -7.8882
-7.7648 -8.1087 -8.7346
-9.4793 -8.8695 -4.7076
-8.5975 -7.7951 -3.6194
-8.4384 -7.0173 -9.4325
-8.8119 -6.2801 -0.9419
0.7043 1.4668 -3.1485
-8.8845 -8.4502 -7.3352
-0.7621 3.0412 -2.7225
-8.1208 -9.3883 -7.234
-9.7063 -8.841 -2.8622
-0.5797 -6.5311 8.772
2.0745 1.5321 -4.7164
2.2692 -5.8834 10.0521
-9.3112 -8.2792 -3.2089
0.9191 -5.5318 10.0032
-10.3146 -6.1457 -2.6498
-0.3345 -5.308 11.8142
0.7065 -6.1175 10.0999
-9.3985 -7.3307 -7.3713
-1.4012 -5.8091 8.4134
-1.7049 1.269 -2.1128
0.5791 -4.6328 9.1515
-9.801 -8.9586 -9.8488
-0.0233 2.1452 -4.1025
-0.281 -6.0801 9.1201
-7.0413 -6.0885 -1.5167
-10.3267 -6.6828 -1.6851
-7.8365 -7.645 -6.9053
-8.7945 -8.2665 -3.8443
-1.039 1.83 -3.5904
-0.4359 -7.5956 9.6453
-0.0315 -6.5365 9.8977
-9.5033 -8.4829 -4.2464
-0.7975 -4.7202 10.5986
-0.8746 1.4666 -5.9607
-7.6319 -8.5648 -9.4732
-1.3442 2.4338 -4.667
-10.5081 -6.7408 -2.9858
-2.8257 -0.2945 -3.4137
-9.6934 -7.0305 -3.7375
-7.8771 -7.8541 -1.1294
-0.9209 -0.3389 -4.976
-1.0594 -6.9408 9.1133
-8.2312 -9.6682 -8.9412
-7.9278 -7.7465 -6.5388
-8.5104 -6.1146 -2.653
0.5354 -5.5634 11.7248
-7.8762 -7.7926 -3.4237
0.598 -5.0138 8.7143
-7.6309 -7.1295 -9.3125
-9.0584 -6.2994 -3.5021
-8.4238 -8.1231 -2.1972
-0.1632 1.665 -3.7044
0.7573 -6.4362 10.2823
-9.7184 -8.1695 -2.8818
-0.4873 0.9572 -1.8199
-9.2307 -7.791 -8.8717
-7.8952 -7.2887 -8.387
1.7123 2.9074 -4.7718
-8.8137 -9.0222 -3.2308
-10.3669 -8.2235 -2.6429
0.86 -5.9079 9.3717
-9.2438 -7.9536 -3.4064
-8.3131 -7.4948 -3.8808
-8.4836 -6.4688 -8.2509
-8.2377 -7.0083 -7.692
0.466 -5.4847 9.4383
0.2093 0.9361 -3.01
-10.5636 -7.1702 -4.5892
-0.127 2.7078 -5.0609
0.2374 -6.3863 11.3493
-8.2461 -6.3908 -3.4348
-8.3683 -7.6368 -3.2879
-7.6132 -8.3719 -2.6975
-8.463 -7.388 -7.9483
-10.5349 -7.1634 -4.0433
-9.4006 -8.0281 -7.3499
-8.105 -6.4549 -10.3291
-8.163 -7.1788 -9.601
-9.2597 -8.8142 -3.7021
-8.0658 -7.3188 -8.6714
-0.5254 1.2887 -2.2796
-9.333 -9.5991 -3.7548
-10.5434 -6.9914 -3.1837
-0.5966 1.5114 -2.9965
0.0287 -5.1737 10.9874
0.7114 2.6397 -4.6773
-7.46 -6.4607 -9.1657
-8.0973 -8.9072 -7.9392
-7.4438 -7.6296 -7.4185
-7.5418 -8.4318 -4.3134
-1.776 -4.6485 10.1026
0.236 2.7759 -2.6382
-8.8991 -7.2097 -8.6872
0.2935 -4.7612 8.4467
0.9898 -6.0987 9.5604
1.1018 -5.3163 10.751
-8.9411 -6.139 -2.2682
-7.9265 -7.1737 -2.7878
-1.4956 1.8242 -3.4295
-9.1137 -5.8448 -3.7411
-10.5709 -6.4981 -3.2546
0.6144 4.3888 -3.5183
-9.9092 -8.7235 -7.9018
1.3895 -6.0128 12.4961
-9.6886 -6.8128 -8.0472
-8.4394 -7.4773 -2.7738
-4.7587 -7.6739 -10.3928
-2.0728 1.5201 -4.4492
0.178 -7.4803 8.8701
-0.5255 -6.5153 10.6337
-1.0132 2.2486 -3.648
-8.6568 -7.637 -2.763
-8.8411 -6.8516 -2.9808
-10.0084 -10.5909 -8.3179
0.0365 -6.9339 9.5404
1.5533 2.7739 -3.9891
-8.6088 -5.1759 -3.3047
1.3926 2.2064 -2.4502
-7.4049 -8.9694 -9.1384
-7.6385 -7.0234 -10.1064
-7.1675 -8.378 -9.3207
-8.5463 -8.6586 -8.2773
-8.076 -7.924 -8.7318
1.585 -7.1935 7.6595
-0.3927 2.0839 -2.5981
-0.089 -5.2804 9.4939
-9.5501 -5.9156 -3.4293
1.9267 -5.4987 9.6369
-8.0798 -6.6598 -7.2431
-7.5385 -9.4455 -4.4748
-9.4108 -8.4261 -7.6454
-7.6004 -8.1795 -10.7969
-8.0858 -7.2065 -3.545
-7.9027 -7.7254 -8.774
-9.5247 -9.1663 -8.1199
1.4828 -5.7919 8.9473
-0.3213 2.6383 -3.8023
-0.5921 1.5113 -4.3088
1.3819 -6.4455 10.9389
1.0108 -5.8254 8.3647
-9.3021 -8.3196 -7.5991
-9.8334 -7.618 -1.9412
-9.0859 -7.7485 -8.6561
1.6736 -6.821 9.7634
-7.7116 -6.395 -7.2374
-6.4031 -10.3618 -8.3792
-9.9388 -7.4901 -9.2552
1.691 -6.5344 10.9388
-9.6455 -8.8842 -7.452
0.7042 -6.6599 7.7431
-9.8479 -7.7949 -7.9381
-8.5772 -6.2863 -3.2907
-0.1967 -6.8686 9.6108
-0.486 0.2185 -2.1744
-10.1959 -8.4803 -4.3252
-0.2453 -6.1714 10.3793
1.3082 1.0397 -4.6406
-9.1694 -6.7741 -3.7458
-8.5808 -7.943 -1.9425
-0.4746 2.221 -0.9657
0.8353 1.2355 -5.6192
2.4413 -4.6719 10.1227
-8.3463 -8.6023 -9.1983
0.6858 1.6443 -3.6021
-8.8266 -7.5832 -3.6547
0.2263 0.5372 -3.8386
0.3771 -5.9378 8.7458
0.4752 0.2728 -2.2922
-9.1261 -7.747 -7.6652
-0.9697 1.8687 -3.6516
0.176 -6.5693 8.9324
-9.1933 -7.2503 -8.6315
-7.7923 -7.6045 -3.1188
-9.8658 -4.3175 -4.4628
0.3416 2.1913 -4.4326
-8.403 -9.8735 -9.5094
0.2754 1.0348 -3.8466
2.2723 -6.0522 10.5824
0.9874 -7.1137 8.069
-8.1463 -8.2256 -3.515
-0.3012 2.847 -3.4798
-7.2779 -7.7421 -8.4415
-1.6985 3.5086 -4.8736
0.1381 -4.9588 10.0014
0.3465 2.0904 -3.792
-9.5121 -7.1451 -7.7832
-0.3731 -7.7942 11.1947
1.319 -5.5399 9.159
-9.4485 -7.321 -4.5786
-9.6073 -9.6031 -7.1732
-9.7952 -8.5158 -7.9539
-1.5592 0.7328 -2.3395
-0.2664 -6.1574 11.5199
1.294 1.3119 -5.0023
-9.5349 -6.7605 -2.8925
-0.5297 2.5515 -3.6853
-9.2434 -8.3589 -2.4879
-8.2595 -6.4171 -8.3045
0.4845 1.2153 -3.4924
-8.7002 -6.64 -2.2333
-8.7609 -8.3957 -8.63
-8.6013 -6.7545 -4.4732
-7.0743 -9.152 -9.347
-8.8909 -10.1426 -7.9989
-1.9122 2.9416 -2.2039
-7.9486 -7.6156 -10.4171
-8.8652 -8.0479 -9.4947
1.0993 -5.6419 9.3476
-0.7363 2.3733 -3.1081
1.264 -7.1795 11.578
-9.384 -8.2753 -10.0368
-9.6037 -7.2975 -6.698
-9.1476 -7.2243 -10.613
-9.6563 -7.7361 -3.1416
-8.8346 -7.7738 -6.2274
-8.8013 -6.3719 -7.6864
0.6625 2.9562 -4.5301
1.018 -6.2397 10.4715
-7.6339 -9.3113 -9.2074
1.4157 -6.1563 10.0404
-0.2152 1.0202 -2.9022
-8.0191 -7.9419 -8.3592
-0.3055 2.1826 -3.8133
-8.8078 -7.2029 -8.6777
-6.5383 -7.974 -9.5464
-7.7116 -7.5814 -9.9648
1.5734 -5.8303 9.8009
-0.5226 3.4382 -4.5412
-9.5639 -7.9378 -3.6035
-10.6659 -7.9343 -9.9982
-9.8117 -9.1892 -8.2572
-9.9935 -5.9107 -3.9414
0.5231 0.7199 -4.6658
-8.52 -5.4707 -4.1837
-9.1487 -8.4238 -9.1265
-6.7738 -8.1677 -9.6549
-0.9927 -5.5762 10.0599
-9.5546 -9.0249 -8.5787
-1.1558 -7.3532 9.7425
1.7222 -6.2685 11.2577
0.1625 2.5264 -4.1511
-7.9908 -6.8004 -9.158
-9.4424 -6.4176 -2.2084
-7.3622 -6.0744 -3.8794
-10.4684 -6.8222 -3.7884
-1.3409 0.9448 -3.9857
0.2059 1.2959 -3.4667
2.3734 -4.7222 10.3489
-1.1374 1.9633 -3.7913
0.204 -5.4023 11.2235
-0.1154 1.8109 -3.0121
0.0205 -6.5163 8.8636
-6.7945 -7.9557 -7.9081
-10.3041 -7.4304 -4.8378
0.9039 -4.3704 10.5219
-0.1237 -6.6619 9.1879
-7.4284 -8.4823 -8.5629
-8.6727 -8.8635 -7.1696
1.9409 -5.2371 11.2479
-8.4752 -8.009 -2.0782
-7.8748 -7.7798 -9.0957
-9.6967 -7.1548 -2.7762
0.4978 -4.9965 8.9779
1.2499 -5.2081 9.5116
-9.3084 -8.6015 -9.2302
-1.2365 -6.0809 8.2337
-9.6154 -8.6186 -8.1236
0.8418 3.2474 -4.0522
-8.7024 -7.0329 -7.9536
-9.5895 -7.6445 -3.3047
1.3243 -5.7896 7.8683
-8.2422 -6.3291 -2.108
2.2207 -5.9931 9.0661
-9.797 -8.2874 -7.4943
1.999 -6.9156 10.9663
0.3136 -5.7467 9.3372
-7.9727 -7.5357 -5.9226
-9.5384 -6.8809 -4.0889
0.5983 2.4285 -2.0457
0.5835 -4.7551 9.3297
-8.5308 -7.7122 -8.8264
-8.6213 -6.7006 -4.1038
0.4092 -5.8931 8.325
-9.949 -7.0265 -3.0871
0.5412 1.9812 -3.8871
1.8182 1.87 -2.8969
-10.096 -9.03 -8.0064
0.7053 1.6586 -1.9292
-10.0757 -8.5379 -4.0875
-0.3364 1.6342 -3.9738
-9.512 -8.4018 -4.9769
1.2644 1.9016 -5.4215
-1.9559 1.7906 -4.7593
-0.143 -8.1528 10.8194
-9.6392 -5.5552 -1.655
-0.2995 5.0067 -4.5149
-10.0261 -7.9407 -2.2269
0.5327 -8.8452 9.6578
0.023 3.3341 -5.2837
0.6635 -0.1604 -3.845
2.11 -5.5235 9.3202
-9.8419 -7.9616 -8.3956
-7.2225 -5.7507 -2.9622
0.61 -5.2281 8.8309
-1.2849 1.6737 -3.2685
-1.9156 1.9639 -3.9868
-0.1831 1.89 -4.1845
-1.0876 -6.5688 10.8501
0.1799 0.261 -3.2728
0.7681 3.6007 -5.2348
-6.6767 -7.96 -7.5887
-2.1316 3.5457 -4.6764
-7.3178 -5.9933 -5.4991
0.535 -6.2104 10.4185
-7.4555 -7.8591 -9.3444
-9.0002 -6.3137 -2.9357
-7.4239 -7.8059 -4.168
0.5913 3.0106 -3.2758
-8.8397 -8.2793 -8.8829
0.658 2.3693 -2.8554
0.7661 -6.1817 8.3744
-8.6348 -7.9311 -3.5917
-7.7502 -7.0199 -4.4489
-9.8395 -7.2608 -3.0861
-8.8461 -6.8296 -2.5181
3.3379 -6.1862 9.3062
-8.4758 -8.5023 -3.784
-9.0258 -7.187 -3.2237
0.1179 -6.7318 8.3452
-9.5801 -6.5776 -4.5697
-9.3557 -7.0951 -7.2593
-8.0807 -8.2357 -9.5607
-9.2913 -7.7935 -2.9053
0.6771 -5.4357 8.9758
-8.8649 -5.9381 -3.3506
-8.8752 -5.6909 -3.5328
-0.0714 1.3269 -2.9523
-0.7236 1.8535 -2.2692
-0.1884 -6.0011 11.2209
0.172 -7.3173 11.5164
-0.351 1.8605 -2.749
-8.2745 -5.2809 -3.5094
-6.7613 -7.9002 -7.5842
0.0377 -4.6969 8.3709
-8.5461 -9.1532 -7.4864
-8.4551 -10.0349 -8.6812
1.7507 -5.0758 9.5169
1.6359 0.9801 -2.7363
-9.3951 -7.6092 -4.573
0.8659 -5.1323 8.9812
-9.9413 -6.4184 -4.9603
-0.8604 -5.5598 9.9387
1.1204 1.3278 -0.9947
-8.8209 -5.64 -2.5243
-0.0373 3.1734 -4.7858
-7.4576 -5.8336 -1.1888
-7.386 -6.7204 -2.962
1.2926 -7.5405 9.4773
-9.0048 -7.5666 -1.3957
-0.2146 3.247 -4.3323
-8.5428 -7.0037 -3.3056
0.7726 -5.9723 8.2765
1.1908 -5.8974 8.5119
-9.4337 -8.0406 -9.478
-8.9451 -5.8302 -3.8755
-1.1658 -7.2744 9.0924
1.4559 -4.8167 9.558
0.1307 1.9247 -2.1246
-1.4219 0.8912 -3.1458
-0.5196 1.1645 -4.7576
-0.6203 -5.1595 9.6654
0.6031 -3.9373 10.0437
-1.5756 -1.6099 -4.6366
-9.9665 -5.8384 -4.2586
0.2974 1.5709 -3.735
-0.0933 1.7213 -4.0386
1.6766 -7.5517 9.4514
-0.3315 2.5999 -4.6058
-0.6581 1.3589 -2.663
-8.7365 -8.6153 -7.5026
0.7716 -4.7299 9.9462
0.0037 1.0522 -3.7999
-1.2346 -6.1444 9.5006
-7.3671 -7.2063 -2.0756
-0.0348 2.6075 -3.431
-9.6348 -7.7805 -9.1406
-9.8692 -6.0262 -3.1161
-8.4288 -9.1322 -8.6596
0.1627 2.2486 -2.2846
-8.2998 -5.6671 -2.1681
-8.3824 -6.2457 -2.7213
-1.2979 -5.5222 10.7167
-7.8825 -8.7473 -7.7289
-9.1775 -7.0634 -2.6103
-1.2018 0.5684 -1.8431
-9.001 -9.248 -10.916
-8.334 -6.9996 -2.3279
0.2066 1.4167 -4.1921
-0.5754 -5.6604 8.9133
-9.6497 -7.7238 -2.6241
-7.0382 -8.4273 -7.6611
-8.1978 -7.0885 -3.5843
0.5917 -5.6697 9.6032
-7.9012 -7.9139 -2.8383
-8.5727 -7.6793 -7.9318
-9.1385 -6.459 -2.0109
0.8355 -4.7637 10.824
-7.9539 -7.2912 -2.7772
0.0146 -6.1082 9.2923
-9.0852 -7.7511 -4.2283
-9.3137 -9.9015 -9.3319
-0.2399 -6.2293 10.6501
-9.0621 -6.3814 -3.5094
-10.7685 -7.3333 -3.6957
-8.2901 -7.6018 -8.9777
-0.2509 2.5744 -1.6623
-0.5471 -6.2215 9.5547
-0.7931 1.8152 -6.1075
-0.7436 3.2522 -1.6724
-10.0573 -7.153 -1.7876
-9.1305 -7.4546 -8.2217
-9.3013 -7.6405 -1.8268
-6.8277 -6.3846 -1.507
1.4407 -5.7995 11.9104
-7.9432 -9.7775 -9.6799
-7.3737 -7.907 -7.7694
-0.6396 0.9616 -3.4455
2.2437 0.5732 -3.8485
2.6789 -5.6599 9.2751
-9.6238 -8.2101 -4.1171
-0.6517 1.7014 -3.4596
0.4332 0.6126 -3.2493
-7.7546 -7.6724 -9.138
-9.305 -8.4763 -2.9957
-0.6673 -5.2502 10.4412
-7.6489 -6.5354 -1.553
-7.9524 -10.6106 -8.2983
0.1662 -6.57 9.336
-0.5036 2.358 -3.013
0.8854 -6.6305 9.0584
0.5327 -5.1719 9.5423
-0.3027 -5.4002 10.2114
0.1867 -5.518 10.4506
0.684 -4.9442 9.8526
