-10.2277 -3.6312
-6.4873 -7.9802
-1.3323 4.3809
-6.4563 -3.8048
-6.7058 -8.5263
-5.4726 -3.222
-5.9511 -2.3954
-6.5927 -2.963
-1.7122 4.7216
-9.3509 -4.1728
-9.21 -3.35
-6.0484 -2.312
-1.5986 4.9712
-1.6486 4.1722
-5.5061 -2.3009
-5.5139 -2.9876
-5.3569 -2.9951
-9.1245 -4.3409
-5.8911 -3.8291
-7.5095 -8.0926
-10.6453 -3.9162
-6.0265 -3.0508
-10.2258 -4.4433
-1.0861 4.3816
-10.2522 -4.0366
-6.4973 -3.6969
-6.906 -8.3666
-9.3887 -4.9237
-1.8472 4.0871
-10.5429 -3.1033
-6.7409 -8.8291
-6.9112 -8.1192
-6.9779 -8.0643
-6.8291 -7.493
-2.0853 4.9069
-2.0708 4.7673
-0.9652 4.0758
-1.8315 4.4283
-9.8115 -4.0276
-9.2694 -3.795
-10.2939 -5.1058
-1.4405 4.9677
-9.942 -3.9631
-6.4828 -2.773
-7.2153 -8.0276
-6.3709 -8.0401
-6.7561 -3.7148
-1.2416 5.1782
-7.6208 -8.7465
-7.3881 -8.8777
-1.9257 4.9656
-10.4177 -5.1025
-6.2308 -3.4597
-10.3931 -3.3415
-2.6312 4.5827
-8.3372 -4.2535
-6.9553 -3.2623
-9.6588 -4.5066
-7.4829 -8.0994
-1.0927 3.8565
-6.5449 -7.8666
-6.8262 -8.2733
-6.4354 -3.0723
-7.4526 -7.2045
-9.9502 -3.913
-1.7528 4.3556
-1.9696 4.7555
-2.2182 4.5237
-1.4019 3.8491
-6.2207 -8.0346
-6.1248 -3.3705
-6.928 -8.2383
-6.03 -2.9694
-6.1922 -2.6006
-6.9268 -8.2767
-1.86 4.8185
-5.4242 -3.015
-10.7806 -3.4464
-1.7148 4.0978
-6.7578 -2.9294
-6.9703 -7.5413
-6.8113 -8.2115
-9.6051 -4.2858
-2.38 5.0226
-1.4339 3.5645
-10.0157 -3.4348
-1.7785 4.9841
-7.0577 -8.893
-1.412 4.3191
-6.1703 -3.971
-7.3821 -8.4158
-2.2191 5.3845
-5.6095 -3.0938
-1.5604 4.466
-6.0872 -3.0998
-6.9632 -3.2971
-1.871 4.4497
-9.9457 -3.6893
-6.8196 -2.8192
-9.62 -3.6029
-6.9065 -3.7509
-7.2391 -7.8844
-1.4134 4.0662
-6.3549 -2.7276
-10.6329 -3.8119
-6.0557 -3.2993
-9.8012 -4.8653
-6.8263 -2.709
-5.6953 -3.6667
-2.207 4.4912
-6.0656 -2.7241
-6.1249 -4.0171
-9.747 -4.1927
-2.2308 4.2318
-7.479 -8.2086
-6.5252 -3.6005
-2.2592 4.8382
-6.2181 -3.2512
-7.2927 -3.4192
-10.5317 -3.9917
-6.0833 -2.6181
-1.2269 3.2557
-5.808 -3.9707
-6.4902 -2.6166
-8.1502 -8.461
-5.7089 -8.7023
-0.8297 4.7775
-6.6268 -8.0916
-1.847 4.0315
-1.7739 5.2132
-1.0989 4.6109
-9.8291 -3.4493
-2.0485 4.9644
-9.6945 -2.8065
-8.1554 -7.8521
-6.8063 -3.2161
-9.7264 -4.9324
-11.5246 -3.7134
-6.9001 -8.2995
-6.3257 -3.9884
-6.2489 -8.3541
-10.0894 -3.4028
-8.8026 -3.8306
-6.343 -3.7734
-11.0699 -4.1381
-0.7794 4.3762
-5.2075 -3.1023
-9.8537 -3.2043
-9.8005 -3.5906
-7.2796 -8.3905
-10.0159 -4.3695
-1.8146 3.1891
-6.618 -7.6786
-1.0979 4.5591
-9.7797 -4.2971
-6.109 -3.6097
-9.8416 -4.05
-10.0865 -4.7086
-6.5608 -9.6612
-6.4084 -8.1415
-7.356 -7.9898
-6.4837 -3.5372
-0.5668 3.7082
-7.9588 -8.2461
-9.6734 -3.8997
-10.1089 -3.2183
-0.7072 4.962
-5.9497 -8.4276
-5.5618 -2.3596
-6.4083 -2.7342
-10.0274 -3.2289
-9.7752 -3.9043
-7.5163 -7.8625
-6.7803 -8.0546
-9.9101 -3.9801
-10.155 -4.6259
-6.6985 -2.6963
-6.8375 -3.2601
-6.4822 -8.0549
-6.8983 -9.1695
-9.4675 -4.8089
-6.4143 -8.3094
-5.7326 -3.1438
-10.5463 -3.534
-6.8534 -8.2204
-1.2329 4.2
-7.2394 -8.0337
-6.8323 -3.7398
-5.9475 -8.1298
-2.1581 4.3531
-1.429 3.8185
-6.8514 -8.3325
-6.9696 -2.6716
-6.8045 -8.124
-6.0855 -3.3586
-0.1441 4.8188
-9.6916 -3.5809
-10.4719 -4.1651
-1.9407 5.3839
-6.7406 -3.6226
-6.3255 -3.2549
-6.7309 -8.1684
-7.6655 -8.3028
-10.3755 -3.0276
-6.2898 -3.4433
-6.1622 -2.821
-9.8649 -4.0836
-1.3506 4.3144
-9.6933 -4.8941
-1.7991 5.2179
-6.588 -3.748
-1.3948 4.4753
-7.4275 -7.161
-11.3298 -4.1666
-7.7327 -7.8603
-6.9751 -2.314
-2.5193 4.4351
-2.0098 4.3048
-10.7762 -4.2596
-2.3728 5.2905
-6.0581 -3.2038
-7.2634 -7.7102
-7.1581 -8.3308
-6.0181 -2.6565
-1.2586 4.4298
-6.7356 -7.6538
-1.6206 4.7157
-6.8813 -2.701
-10.2497 -3.9444
-9.4884 -3.3381
-5.8268 -3.6422
-2.2396 5.0815
-5.5711 -3.1318
-10.4737 -4.2124
-1.6529 4.0591
-5.255 -2.2904
-2.5886 5.0246
-10.1482 -3.5496
-6.9339 -8.4467
-1.7571 4.8092
-1.7528 4.3781
-9.4171 -3.4184
-6.251 -2.9721
-1.2091 4.0646
-1.2088 4.6577
-6.2855 -6.9684
-6.5865 -8.194
-2.2134 4.3976
-6.3989 -2.3875
-1.5641 5.4566
-6.9954 -8.7553
-9.7802 -3.4981
-1.852 5.1355
-1.3782 4.5269
-6.4456 -3.3748
-6.8832 -8.6431
-6.8066 -8.2819
-2.0368 5.0329
-6.5824 -6.9411
-6.7716 -7.5656
-1.7018 4.2578
-7.7261 -7.8518
-7.2426 -8.1038
-6.904 -3.4057
-7.0012 -8.1887
-5.7695 -2.9852
-6.7252 -7.4395
-6.7513 -8.0718
-5.771 -3.109
-7.2661 -8.8917
-1.8321 4.2911
-6.2374 -3.9823
-10.1622 -3.2798
-6.286 -3.789
-6.4613 -3.7549
-1.5795 4.8446
-1.329 5.3026
-9.8371 -4.316
-10.0762 -4.6209
-9.9277 -4.6629
-2.3255 3.5261
-9.7505 -4.7004
-2.0902 4.7438
-11.1113 -4.803
-6.6007 -8.1115
-6.0384 -2.5617
-0.8511 4.6579
-6.8098 -2.7818
-7.5637 -8.7231
-6.4995 -2.5462
-10.5205 -3.7757
-2.1265 4.14
-2.429 4.1825
-5.3687 -3.3475
-10.093 -3.8367
-2.2507 4.0736
-6.6499 -7.7393
-7.3755 -7.6279
-10.0875 -3.7025
-2.4967 4.819
-7.2436 -7.8919
-6.2532 -7.575
-7.3503 -3.0206
-10.179 -4.6959
-10.7741 -3.6641
-10.4611 -4.0446
-9.8386 -3.963
-9.8208 -4.0468
-9.2763 -4.2232
-9.9437 -3.9386
-9.6669 -3.4602
-6.6771 -3.4121
-1.4843 3.7503
-1.7198 3.7899
-6.405 -7.6963
-5.5282 -3.5531
-5.1946 -2.0893
-1.6342 4.088
-7.4727 -8.5182
-6.4035 -8.0561
-9.8222 -3.9877
-6.835 -8.2564
-2.0031 3.9839
-1.8831 5.0187
-6.5854 -3.2469
-6.2015 -2.9629
-1.9722 4.1096
-9.6514 -4.1927
-9.4921 -4.6916
-9.7353 -4.1919
-6.1692 -2.065
-6.3126 -8.4424
-6.9872 -3.5405
-6.871 -8.3306
-5.1669 -2.6755
-1.4578 4.7033
-6.7931 -2.8162
-2.0054 4.2081
-7.2802 -8.4522
-9.7491 -3.8347
-9.6557 -4.1301
-6.9054 -8.0208
-1.6064 3.6436
-6.6237 -3.3779
-6.831 -2.7232
-7.4868 -8.7399
-6.4678 -3.961
-5.7057 -2.9411
-6.2322 -2.9821
-7.1908 -8.8165
-6.6787 -2.4721
-2.6356 3.7053
-6.8111 -2.9438
-9.3078 -3.6521
-5.7822 -8.3853
-9.9316 -4.235
-2.1373 4.6994
-7.4528 -8.656
-7.2283 -6.7396
-7.4857 -9.7299
-5.8996 -3.1301
-10.2955 -4.1079
-6.9194 -3.0339
-7.084 -2.158
-10.1875 -4.4608
-6.31 -3.3925
-7.0695 -7.8199
-6.3461 -2.9558
-5.9795 -2.5501
-6.7566 -2.9022
-7.2742 -2.9823
-10.2796 -3.9085
-10.8164 -1.974
-7.8747 -7.1507
-2.5961 4.8668
-0.7422 4.6887
-2.6782 3.4352
-9.7848 -3.9288
-7.1799 -8.3987
-5.1887 -3.5016
-2.278 4.8444
-7.2005 -7.2218
-9.2498 -3.6156
-7.0486 -8.792
-6.0455 -8.3514
-2.0593 4.2607
-5.855 -3.4166
-6.3406 -2.0026
-10.0064 -3.5876
-1.4448 4.103
-7.1719 -7.5803
-1.5382 4.5074
-9.1873 -4.3564
-2.0746 3.9662
-6.3749 -8.2316
-6.613 -8.4353
-7.4805 -8.4352
-6.9195 -8.3723
-7.9396 -7.4903
-6.8264 -3.6336
-10.1607 -3.9688
-9.8978 -3.487
-5.7978 -3.4704
-7.0543 -7.9389
-7.8371 -8.9265
-7.2509 -7.6954
-6.8077 -8.1619
-5.9897 -7.6823
-2.0102 4.1379
-9.7524 -4.651
-6.1073 -2.2376
-1.0606 5.2588
-6.1163 -8.8439
-6.3875 -3.2373
-6.4344 -3.1831
-10.2823 -4.4842
-1.1401 5.5
-10.1356 -3.3389
-6.894 -8.2158
-6.3533 -2.5404
-6.5864 -3.349
-5.9943 -3.5496
-9.3446 -4.2557
-1.3993 3.8343
-2.2694 5.6312
-9.7321 -3.9513
-6.9253 -7.333
-5.9809 -7.7792
-1.7707 4.3061
-10.1235 -3.762
-9.6349 -4.1155
-10.1272 -3.8587
-7.343 -9.4535
-7.7202 -8.4036
-6.4646 -3.2743
-1.6513 4.4951
-6.2454 -8.816
-6.9731 -8.1964
-6.4773 -7.5933
-6.4939 -3.0992
-9.9616 -3.4485
-7.3958 -8.0237
-6.4244 -2.946
-6.9271 -9.0349
-2.2746 4.6818
-5.7932 -4.0703
-1.7555 3.9627
-6.8594 -8.0575
-0.9558 4.471
-8.1452 -7.9499
-6.5611 -3.9137
-10.1951 -4.5393
-6.5962 -2.6713
-10.0439 -4.0723
-1.5095 4.2304
-9.5052 -3.4177
-7.0147 -7.9926
-6.3422 -9.4637
-1.8654 5.0458
-5.3598 -3.8014
-7.1923 -8.2237
-6.0808 -2.354
-1.2541 4.9287
-11.0361 -3.4796
-6.5112 -3.7923
-8.314 -7.961
-7.0707 -8.5085
-6.3677 -2.8141
-1.2332 4.4242
-10.444 -4.0339
-10.2211 -3.8512
-5.3507 -2.6277
-10.1562 -3.6329
-7.2912 -3.3129
-1.9324 4.3071
-7.0168 -8.0772
-7.004 -2.6131
-9.8049 -3.5942
-6.4194 -8.1133
-9.7112 -3.7244
-6.7423 -7.5122
-10.2365 -3.9403
-10.9702 -4.4111
-6.9607 -8.5174
-1.6942 4.3523
-7.2879 -3.0883
-9.9266 -3.6966
-1.6719 4.0189
-5.7703 -3.0328
-1.7591 5.3397
-6.3866 -3.6245
-6.7855 -8.9057
-7.556 -8.3769
-10.8917 -3.7724
-10.0693 -3.4369
-0.7872 4.0259
-1.8228 3.7352
-6.2801 -3.2829
-9.5057 -4.2332
-9.7075 -4.44
-1.4262 4.9233
-6.6241 -4.2533
-6.4847 -3.7018
-2.0125 5.0028
-0.6322 4.4332
-1.5182 3.9934
-9.6614 -2.7389
-10.1111 -4.7356
-6.8551 -8.1988
-9.8428 -3.4277
-9.9128 -4.5354
-9.0358 -4.2563
-6.3782 -8.4169
-1.6292 4.5121
-8.3223 -7.7459
-1.7176 4.3188
-9.5987 -4.0043
-10.2628 -4.157
-7.9522 -8.3093
-7.3733 -8.1599
-6.093 -3.5219
-6.9718 -8.2473
-9.8932 -3.1758
-1.3584 4.6166
-6.5039 -3.8651
-9.481 -4.0265
-6.6557 -3.5686
-9.6794 -3.2487
-0.3954 4.2822
-6.3703 -3.4818
-7.1785 -8.517
-11.3469 -4.56
-9.5301 -3.0471
-6.4985 -2.9945
-1.8252 4.5998
-6.7508 -3.657
-9.3851 -4.4801
-5.4899 -3.2727
-1.4338 4.9586
-6.5013 -3.4593
-6.8876 -8.2594
-1.2551 5.3014
-7.722 -8.2741
-1.5172 4.5377
-1.7146 4.4108
-0.634 4.6993
-9.9174 -4.0134
-6.5243 -7.291
-5.6863 -2.2688
-5.4505 -2.8724
-9.4434 -4.3048
-1.869 4.1669
-6.5628 -7.7167
-6.2354 -3.6855
-6.9206 -8.1241
-6.2676 -8.6009
-7.0468 -7.1382
-5.838 -2.6222
-1.0227 5.39
-6.1293 -2.5513
-7.0831 -7.2028
-9.417 -3.9671
-5.8385 -2.9337
-6.0302 -3.6472
-6.7045 -8.926
-6.3003 -7.81
-9.4214 -4.0655
-6.4764 -8.4738
-6.5695 -2.8687
-6.6535 -3.2701
-2.0432 4.7438
-10.0509 -5.3488
-6.8653 -2.7198
-7.0478 -8.149
-5.6349 -3.3147
-6.6886 -2.6068
-5.6963 -3.1752
-6.3646 -8.9033
-5.0826 -3.126
-9.4632 -3.9332
-10.1319 -4.0192
-10.5544 -3.9871
-6.1839 -3.0126
-10.0066 -4.2534
-7.2544 -7.2543
-2.2178 4.447
-2.4491 3.9922
-1.5192 4.3699
-9.4142 -3.9732
-6.8434 -3.4903
-5.9171 -2.8692
-1.5168 4.8491
-1.7927 4.4228
-7.8334 -7.9013
-10.2958 -3.5225
-1.5814 4.3114
-10.21 -4.3191
-9.5321 -3.4784
-5.4567 -2.8753
-6.3829 -2.6719
-7.7566 -7.7945
-7.5835 -8.6155
-10.2944 -3.6982
-6.5829 -7.9328
-6.4608 -3.0466
-6.3578 -2.5043
-10.4866 -3.8674
-6.605 -3.4972
-1.5 4.2818
-7.1151 -3.9947
-1.402 3.0152
-6.8951 -8.0068
-2.2958 4.5633
-7.6705 -2.086
-10.5381 -3.5906
-7.4973 -7.8489
-9.7984 -4.0494
-1.7935 4.6717
-9.9072 -3.3998
-10.4471 -3.7935
-10.2276 -3.1006
-10.2589 -4.138
-1.7437 4.3194
-9.6077 -4.2681
-5.9331 -2.7845
-9.3521 -4.0116
-9.9243 -3.6674
-1.9383 4.8761
-6.8124 -8.2867
-7.0378 -3.4698
-6.6862 -8.1897
-9.5711 -4.0232
-1.867 4.6325
-2.3128 4.4447
-5.3188 -3.154
-1.2365 3.9767
-10.5173 -3.5868
-10.5883 -4.1833
-6.3128 -3.2522
-1.8991 4.5816
-6.4989 -3.3942
-6.2343 -1.3725
-7.0399 -8.0435
-6.501 -8.1281
-1.3951 3.2879
-6.9148 -8.368
-1.651 4.1919
-1.2709 4.3471
-1.5044 3.3594
-1.3487 4.1066
-6.2067 -2.5523
-5.8741 -2.8909
-9.2281 -4.5277
-10.6971 -3.9125
-6.2023 -2.0797
-7.5484 -7.5444
-8.0527 -8.4477
-0.8802 4.4612
-1.0601 4.4991
-0.8457 4.5755
-7.8204 -8.5889
-6.6359 -8.8326
-6.6751 -8.6964
-9.5146 -3.5904
-1.2251 4.7817
-7.0043 -2.6125
-5.7281 -3.4619
-9.9269 -5.2115
-6.2837 -8.5886
-7.1253 -8.2835
-8.2189 -7.9897
-9.9802 -3.2264
-6.7328 -8.8089
-1.0794 4.5912
-7.4627 -8.5083
-9.5205 -3.9055
-6.9718 -7.7241
-7.5448 -3.5338
-1.5445 4.7875
-1.4153 4.3687
-11.0409 -3.7724
-6.9131 -8.5536
-7.1955 -7.7216
-7.0246 -7.6945
-10.0136 -3.8971
-6.7915 -8.3919
-10.0161 -3.8972
-10.2983 -3.6753
-6.128 -3.2695
-10.5956 -2.7004
-2.5375 4.7639
-6.6204 -7.2408
-10.4783 -4.6825
-6.6636 -2.6966
-10.1773 -3.7007
-2.4849 3.9612
-6.6228 -2.1202
-5.2204 -2.282
-1.3195 4.2466
-10.4021 -3.6746
-2.2099 4.9789
-6.2724 -2.8117
-1.7458 3.9676
-1.5663 4.6115
-10.105 -3.4427
-10.2308 -3.2609
-9.8387 -4.3985
-6.8238 -9.0929
-1.5352 4.2582
-1.3224 4.0453
-7.1587 -8.2277
-6.5155 -7.5766
-9.0378 -4.6492
-1.8004 5.4347
-6.4873 -2.2596
-7.7695 -7.5879
-6.2063 -8.5554
-1.434 4.059
-2.0331 5.2527
-9.7926 -3.5234
-8.0588 -7.7226
-6.2694 -2.8167
-9.3878 -4.5202
-6.7804 -7.1888
-6.5296 -2.8769
-7.3782 -7.7672
-9.1819 -3.5229
-5.6803 -4.248
-10.0173 -4.0677
-0.7543 3.7536
-2.9128 3.3494
-9.8119 -3.0268
-1.0937 5.1664
-5.8217 -2.3555
-7.1316 -7.1599
-1.4759 5.0229
-9.626 -4.7081
-6.4204 -2.7849
-1.6789 3.5986
-6.0975 -3.4868
-7.7046 -8.8233
-10.4378 -3.9628
-7.0618 -3.0385
-7.0663 -7.4857
-9.7437 -4.1154
-6.5065 -2.9403
-9.4466 -4.5681
-1.4345 5.2892
-9.2859 -3.5013
-6.4778 -3.433
-6.3678 -8.4476
-6.7634 -7.996
-2.3461 4.5641
-1.6605 3.7082
-1.721 3.9386
-5.2476 -3.3846
-7.0663 -8.1835
-5.6963 -2.8185
-5.4505 -2.3594
-5.8928 -2.2452
-9.3046 -3.6793
-1.5213 4.0399
-6.1658 -3.2477
-7.4105 -7.5819
-6.7555 -3.8023
-6.294 -3.3301
-6.5506 -3.2471
-10.1391 -4.0865
-1.75 4.1045
-6.8245 -8.0986
-7.5047 -7.0766
-2.3816 4.1543
-1.262 4.2193
-2.7308 3.9914
-6.2424 -2.8103
-1.5995 4.7151
-9.0959 -4.1796
-9.622 -3.8832
-6.6571 -8.2942
-9.8775 -4.4531
-10.2168 -3.8606
-1.1395 3.9473
-6.4104 -7.7867
-9.4632 -4.0582
-6.6799 -2.7815
-10.5342 -3.7058
-6.58 -3.6169
-11.1364 -3.9882
-9.7988 -4.4514
-9.5144 -3.5968
-1.8127 4.8205
-6.8122 -7.8958
-5.958 -3.9349
-7.5264 -8.2183
-9.1508 -3.8549
-9.2294 -3.9535
-10.4732 -4.3055
-9.7735 -3.3907
-6.499 -2.7424
-6.1287 -7.7693
-7.5216 -8.4652
-1.4389 4.3564
-6.6476 -3.0648
-1.983 4.8572
-7.6768 -7.8741
-10.6716 -3.218
-1.2893 3.9296
-6.5706 -8.2746
-7.0745 -8.0185
-1.2241 4.1523
-6.2479 -3.3186
-5.917 -2.2733
-10.0651 -3.4287
-1.33 3.5928
-7.1649 -8.1495
-6.5676 -2.3447
-1.4764 3.8842
-7.1662 -8.0804
-6.3309 -2.6867
-10.0975 -4.2807
-7.6993 -7.2738
-7.0506 -2.3772
-9.3429 -4.5308
-7.3458 -7.9927
-10.1409 -4.3888
-10.3816 -4.1356
-6.2815 -8.2721
-6.3633 -4.2201
-7.5594 -8.6282
-7.5768 -7.8693
-10.2433 -3.8862
-5.5288 -3.0738
-1.7275 4.0079
-9.9335 -3.0731
-5.4582 -2.9594
-1.8807 4.5683
-6.9918 -2.7753
-5.996 -3.3101
-1.5925 5.0075
-6.8593 -4.0385
-7.4157 -8.3569
-1.349 4.8846
-5.7805 -2.5681
-10.0892 -4.0639
-1.408 5.0531
-6.7841 -7.3959
-7.1768 -2.9539
-7.1193 -7.6845
-1.5433 4.7478
-10.6721 -3.3021
-0.5906 4.0137
-0.9285 3.3764
-1.8972 4.6453
-7.0989 -3.7704
-7.6397 -7.9404
-6.5254 -8.4966
-10.7297 -4.0306
-0.9338 4.0975
-0.9938 4.2628
-6.9288 -2.3526
-9.6944 -4.322
-6.7045 -2.5738
-6.792 -3.2585
-9.7726 -3.6396
-9.7027 -4.293
-7.5866 -7.8937
-6.9902 -7.8622
-1.7866 5.1064
-1.9949 4.5953
-5.986 -2.9487
-5.3927 -3.7825
-10.0206 -4.0627
-6.1805 -3.0654
-1.5017 3.3954
-6.9108 -7.5955
-1.6118 4.8672
-1.6509 3.8455
-10.1422 -4.1493
-8.089 -7.9113
-9.535 -4.1818
-9.8008 -4.0674
-7.3651 -8.4775
-1.1101 3.9557
-5.9503 -3.3817
-6.9102 -6.6946
-9.651 -4.3324
-7.3743 -2.6237
-5.8097 -2.8859
-5.8129 -4.3157
-7.0592 -7.4378
-9.9154 -3.5643
-5.6385 -3.5881
-10.7284 -4.2115
-5.6464 -2.7192
-6.6653 -7.4875
-10.0972 -3.8024
-1.3479 4.189
-10.0588 -4.2938
-1.764 4.6998
-6.7244 -7.2719
-7.7268 -8.0451
-9.6903 -4.1278
-1.1024 4.1132
-6.6486 -3.3821
-5.6214 -2.9304
-1.1664 4.5133
-7.3812 -8.2582
-9.5905 -3.5631
-6.7047 -3.3077
-5.6173 -3.0979
-1.1545 4.8665
-1.9952 4.4002
-1.3672 4.5686
-0.6267 3.6709
-1.7278 4.347
-10.4127 -4.4631
-9.9227 -3.7216
-9.1692 -3.2445
-7.6139 -7.7739
-9.5548 -3.8584
-6.4835 -3.0229
-1.2632 4.0947
-1.8839 4.0703
-6.6361 -8.0843
-1.9087 4.251
-10.073 -3.4956
-1.2802 4.8489
-1.2401 4.872
-6.639 -7.3359
-7.1852 -8.5811
-1.1371 4.7107
-6.8099 -3.1457
-1.3503 4.1849
-1.6377 4.2933
-10.9471 -4.5119
-6.7454 -8.3861
-9.4949 -3.7766
-6.567 -8.4675
-2.8663 3.5177
-2.0224 3.9726
-7.2435 -8.4139
-6.6776 -8.7718
-9.8199 -3.5286
-1.6772 5.4618
-6.008 -7.991
-6.6685 -2.9653
-10.5222 -3.795
-1.7778 4.7704
-7.5803 -8.2892
-9.6981 -4.6885
-1.4031 4.2574
-7.3344 -7.8312
-5.9415 -3.8567
-6.8009 -8.9338
-8.0368 -8.7402
-6.1666 -3.5005
-0.5642 3.4583
-10.4265 -4.4204
-7.5834 -3.9961
-7.777 -7.5061
-9.9726 -3.6282
-1.4509 4.7989
-10.4008 -3.9288
-6.6619 -8.263
-9.4937 -3.7572
-1.8315 3.9064
-1.8208 4.2145
-6.3167 -7.3179
-10.0743 -5.1696
-1.6385 4.6979
-7.4202 -7.5877
-5.701 -3.3462
-6.8574 -3.3015
-9.5897 -4.2596
-6.182 -2.7703
-7.2774 -7.4274
-1.4478 4.4452
-10.0674 -4.3176
-6.7388 -8.269
-0.9291 4.7027
-5.6002 -3.7263
-10.4556 -4.157
-7.6887 -7.4221
-6.5923 -3.536
-1.0553 4.9643
-5.4595 -3.0024
-1.2391 4.355
-6.5615 -3.1474
-10.9453 -3.9085
-2.1705 4.8038
-6.4799 -3.3156
-7.6451 -7.3917
-2.0982 3.9726
-1.9181 3.908
-7.1506 -8.0598
-10.4327 -3.7688
-7.2212 -8.1026
-3.0561 5.3753
-2.0505 4.1877
-9.7422 -3.098
